1004808
1004809
1004810
1004811
1004812
1053063
1053064
1053065
1053066
1053067
1073158
1073159
1073160
1073161
1073162
1082695
1082696
1082697
1082698
1082699
1099009
1102940
1102941
1102942
1102943
1102944
1132209
1152196
1152197
1152198
1152199
1152200
1212120
1212131
1213018
1213030
1214018
1214030
1222113
1222124
1232113
1232124
1242121
1242122
1242144
1242145
1252098
1262039
1262053
1272017
1272043
1282017
1282043
1292018
1292030
1302343
1302359
1312203
1312215
1322255
1322266
1332279
1332291
1342104
1342110
1362140
1362151
1372228
1372239
1382265
1382276
1402259
1402271
1403018
1403030
1412181
1412191
1422189
1422199
1432218
1432229
1442274
1442287
1452257
1452269
1462243
1462254
1472265
1472277
1482221
1482234
1492235
1492247
1522143
1522154
1532150
1532159
1542117
1552119
1582023
1582046
1592020
1592037
1690204
1690321
1690322
1690323
1690324
1690325
1690326
2048918
2048920
2630110
2630133
2630626
2630627
2630782
2630814
2632757
2681031
2681032
2681033
2681034
2681035
2681126
2681127
2681128
2681129
2681130
2681226
2681227
2681228
2681229
2681230
