700
701
702
703
704
705
706
707
800015
1011101
1012120
1013106
1013204
1013205
1013206
1013207
1043002
1043003
1052126
1055000
1055001
1055002
1056000
1057000
1057001
1057002
1057003
1057004
1057006
1500000
1500001
1500002
1500003
1500004
1500005
1500006
1500007
1500008
1500009
1500010
1500011
1500012
1500013
1500014
1500015
1500016
1500017
1500018
1500019
1500020
1500021
1500022
1500023
1500024
1500025
1500026
1500027
1500028
1500029
1500030
1500031
1500032
1510000
1510001
1510002
1510003
1510004
1510005
1510006
1510007
1510008
1510009
1511000
1511001
1512000
1512001
1512002
1512003
1512004
1512005