32120
32121
32122
32123
32124
32125
32126
32127
32128
32129
32130
32131
32132
32136
32137
32138
32139
32140
32141
32142
32143
32144
32145
32146
32149
32150
32151
32152
32153
32154
32155
32156
32157
32159
32160
32161
32162
32163
32164
32165
32166
32167
32168
32169
32170
32171
32172
32173
32174
32175
32176
32177
32178
32179
32180
32181
32182
32183
32184
32185
32186
32187
32188
32189
32190
32191
32192
32195
32196
50000
50001
50002
50003
50004
50005
50006
50007
50008
50009
50010
50011
50012
50016
50017
50018
50019
50020
50021
50022
50023
50034
52015
52016
52017
52018