1513000
1513001
1513002
1513003
1513004
1514000
1514001
1514002
1514003
1514004
1514005
1514006
1514007
1514008
1514009
1531045
1531051
1531053
1531054
2001006
2001007
2001008
2022005
2022006
2022007
2022008
2030016
2080007
2085000
2085001
2085002
2085003
2092101
2131008
2133005
2133006
2133007
2142000
2142001
2142002
2142003
2142004
2142005
2142006
2142007
2142008
2142009
2142010
2143000
2143001
2143002
2143003
2143004
2160000
2160001
2161000
2161001
2161002
2161003
2161004
2161005
2161006
2161007
2161008
2161009
2161010
2161011
2161012
2161013
2161014
2162000
2540005
9000071
9000072
9000073
9000074
9000075
9000076
9000077
9000078