9330036
9330037
9330038
9330039
9330040
9330041
9330043
9330047
9330048
9330049
9330050
9330051
9330052
9330053
9330054
9330055
9330056
9330057
9330058
9330059
9330060
9330061
9330062
9330063
9330064
9330065
9330066
9330067
9330068
9330069
9330070
9330071
9330072
9330073
9330074
9330075
9330076
9330077
9330079
9330080
9330081
9330082
9330083
9330084
9330085
9330086
9330087
9330088
9330089
9330091
9330092
9330093
9330094
9330095
9330096
9330097
9330098
9330099
9330100
9330101
9330102
9330103
9330104
9330105
9330106
9330107
9330108
9330109
9330110
9330111
9330112
9330113
9330114
9330115
9330116
9330117
9330118
9330119
9330120
9330121