9120039
9120040
9120041
9120042
9120046
9120047
9120048
9120049
9120050
9120051
9120052
9120053
9201146
9209102
9220003
9220011
9220014
9250002
9250015
9250030
9250032
9250033
9250034
9250035
9250036
9250037
9250038
9250039
9250040
9250041
9250047
9250048
9250049
9250050
9270044
9270045
9270048
9270049
9270050
9270051
9270052
9270053
9310045
9310059
9310061
9310062
9310063
9310064
9310065
9310066
9310067
9310068
9310069
9310070
9310071
9310072
9310073
9310074
9310075
9310076
9310077
9310078
9310079
9310080
9310081
9310086
9310087
9310088
9310089
9310090
9310091
9310092
9310093
9310094
9310095
9310096
9310097
9330033
9330034
9330035