9000079
9000080
9000081
9000082
9000083
9000095
9000096
9000174
9010023
9010024
9030200
9030201
9031000
9031001
9031002
9031003
9031004
9031005
9031006
9031007
9031008
9031010
9031011
9031012
9031014
9031015
9031016
9062501
9062502
9062503
9062504
9062505
9062506
9062507
9062508
9062509
9062510
9062511
9062512
9062513
9062514
9062515
9062516
9062517
9105006
9110017
9110101
9110102
9110103
9110104
9110105
9110106
9110107
9110108
9110109
9110110
9110111
9110112
9110113
9110114
9110200
9110201
9110202
9110203
9110204
9110205
9120025
9120026
9120027
9120028
9120029
9120030
9120031
9120032
9120033
9120034
9120035
9120036
9120037
9120038