1000
10000
10001
10002
10005
10007
10008
1001
10010
10011
10012
10014
10015
10016
10017
10018
10019
10020
10021
10023
1003
10030
10031
10032
10033
10034
10035
10036
10037
10039
1004
10043
10046
10048
1005
10050
10051
10052
10053
10054
10055
10056
10059
1006
10060
10062
10063
10064
10065
10066
10067
10068
10069
1007
10070
10071
10072
10073
10074
10075
10076
10077
10078
10079
1008
10080
10081
10082
10083
10084
10085
10086
10087
10088
10089
1009
10090
10091
10092
10093
10094
10095
10096
10097
10098
10099
1010
10100
10101
10102
10103
10104
10105
10106
10107
10108
10109
1011
10110
10111
10112
10113
10114
1012
1013
1014
1015
1016
1017
1018
1019
1020
10200
10205
10206
10207
10208
10209
1021
10210
10211
10212
10213
10214
10215
10216
10217
10218
10219
1022
10220
10222
10224
1023
10230
10231
1024
10240
10241
10242
10243
10244
10245
10246
10247
10248
10249
1025
10250
10251
10252
10253
10254
10255
10256
1026
10260
10261
10262
10263
10264
10265
10266
10267
10268
1027
10270
10271
10272
10273
10274
10275
10276
10277
10278
10279
1028
10280
10281
10282
10283
10284
10285
10286
10287
1029
1030
10300
10301
10302
10303
1031
10311
10312
10313
10314
10315
10316
10317
10318
10319
1032
10320
10321
10322
10324
10325
10326
10327
10328
10329
1033
10330
10331
10332
10333
1034
10340
10341
10342
10343
10344
10345
10346
10347
10348
10349
1035
10350
10351
10352
10353
10354
10355
10356
1036
10360
1037
10370
1038
10380
10381
1039
10390
10391
10392
10393
10394
10395
10396
10397
10398
1040
10400
10401
10405
1041
10410
10411
10412
10413
10414
10415
10417
10418
10419
1042
10420
10425
10426
1043
10430
10431
10432
10433
10434
10435
10436
10437
10438
10439
1044
10440
10441
10442
10443
10444
10445
1045
10450
10451
10452
10453
10454
10455
10456
10457
10458
10459
1046
1047
10470
1048
1049
1050
1051
1052
1053
1054
1200
1201
1202
1203
1204
1205
1206
1300
1301
1302
19000
19001
19002
19005
19006
19007
19008
19009
19010
2000
20000
20001
20002
20003
20004
20005
20006
20007
20008
2001
20010
20011
20012
20013
20014
20015
20016
20017
20018
20019
2002
20020
2003
2004
2005
2006
2007
2008
2009
2010
20100
20101
20102
20103
20104
20105
2011
2012
2013
2014
2015
2016
2017
2018
2019
2020
20200
20201
20202
20203
20204
20205
2021
2022
2023
2024
2025
2026
2027
2028
2029
2030
20300
20301
20302
20303
20304
20305
20306
20307
20308
20309
2031
20310
20311
20312
20313
20314
20315
2032
2033
2034
2035
2036
2037
2038
2039
2040
20400
20401
20402
20403
20404
20405
20406
20407
20408
2041
2042
2043
2044
2045
2046
2047
2048
2049
2050
2051
2052
20520
20521
20522
20523
20524
20525
20526
20527
20528
2053
20531
20532
20533
20534
2054
2055
2056
2057
2058
2059
2060
20600
20601
20602
20603
20604
20605
2061
20610
20611
20612
20613
20614
20615
2062
2063
2064
2065
2066
2067
2068
2069
2070
20700
20701
20702
20703
20704
20705
20706
20707
20708
20709
2071
20710
20711
20712
20713
20714
20715
20716
20717
20718
20719
2072
20720
20721
20722
20723
20724
20725
20726
20727
20728
20729
2073
20730
2074
2075
2076
2077
2078
2079
2080
2081
2082
2083
2084
2085
2086
2087
2088
2089
2090
2091
2092
2093
2094
2095
2096
2097
2099
2100
21000
21001
2101
21010
21011
21012
21013
21014
21015
21016
21017
21018
2102
2103
2104
2105
2106
2107
2108
2109
2110
21100
21101
2111
2112
2113
2114
2115
2116
2117
2118
2119
2120
21200
21201
21202
2121
2122
2123
2124
2125
2126
2127
2128
2129
2130
21300
21301
21302
21303
2131
2132
2133
2134
2135
2136
2137
2138
2139
2140
21400
21401
2141
2142
2143
2144
2145
2146
2147
2148
2149
2150
21500
2151
2152
2153
2154
2155
2156
2157
2158
2159
2160
21600
21601
21602
21603
21604
21605
21606
21607
21608
21609
2161
21610
21611
21612
21613
21614
21615
21616
21617
21618
2162
2163
2164
2165
2166
2167
2168
2169
2170
21700
21701
21702
21703
21704
21705
21706
21707
21708
21709
2171
21710
21711
21712
21713
21714
21715
21716
21717
21718
21719
2172
21720
21721
21722
21723
21724
21725
21726
21727
21728
21729
2173
21730
21731
21732
21733
21734
21735
21736
21737
21738
21739
2174
21740
21741
21742
21743
21744
21745
21746
21747
21748
21749
2175
21750
21751
21752
21753
21754
21755
21756
21757
21758
2176
21766
21767
2177
2178
2179
2180
2181
2182
2183
2184
2185
2186
2187
2190
2191
2192
2193
2194
2195
2196
2197
2198
2199
2200
2201
2202
2203
2204
2205
2206
2207
2208
2209
2210
2211
2212
2213
2214
2215
2216
2217
2218
2219
2220
2221
2222
2223
2224
2225
2226
2227
2228
2229
2230
2231
2232
2233
2234
2235
2236
2237
2238
2239
2240
2241
2242
2243
2244
2245
2246
2247
2248
2249
2250
2251
2252
2253
2254
2255
2256
2257
2258
2259
2260
2261
2262
2263
2264
2270
2271
2272
2273
2274
2275
2276
2277
2278
2279
2280
2281
2282
2283
2284
2285
2286
2287
2288
2289
2290
2291
2292
2293
2300
2301
2302
2303
2304
2305
2306
2307
2308
2309
2310
2312
2313
2314
2315
2316
2317
2318
2319
2320
2321
2322
2323
2324
2325
2326
2327
2328
2329
2330
2331
2332
2333
2334
2335
2336
2337
2338
2342
2400
2401
2402
2403
2404
2405
2406
2407
2408
2409
2410
2411
2412
2413
2414
2415
2416
2417
2418
2419
2420
2421
2422
2423
2424
2425
2426
2427
2428
2429
2430
2431
28000
28001
28002
28003
28004
28102
28103
28104
28105
28106
28107
28108
28109
28110
28114
28115
28116
28117
28118
28120
28121
28122
28124
28125
28128
28129
28130
28131
28136
28137
28138
28139
28140
28141
28142
28143
28144
28145
28146
28147
28148
28149
28150
28151
28152
28153
28154
28155
28156
28157
28158
28159
28160
28161
28162
28163
28164
28165
28166
28167
28168
28169
28170
28171
28172
28173
28174
28175
28176
28177
28178
28179
28180
28181
28182
28183
28184
28185
28186
28187
28188
28189
28190
28191
28192
28193
28194
28195
28196
28197
28198
28199
28200
28201
28202
28203
28204
28205
28206
28207
28208
28209
28210
28211
28212
28213
28214
28215
28216
28217
28218
28219
28220
28221
28222
28223
28224
28225
28226
28227
28228
28229
28230
28231
28232
28233
28234
28235
28236
28237
28238
28239
28240
28241
28242
28243
28244
28245
28246
28247
28248
28249
28250
28251
28252
28253
28254
28255
28256
28257
28258
28259
28260
28261
28262
28263
28264
28265
28266
28267
28268
28269
28270
28271
28272
28273
28274
28275
28276
28277
28278
28279
28280
28281
28282
28283
28284
28285
28286
28287
28288
28289
28290
28291
28292
28293
28294
28295
28296
28297
28298
28302
28303
28304
28305
28306
28307
28308
28309
28310
28311
28312
28313
28314
28315
28316
28317
28318
28319
28320
28321
28322
28325
28326
28327
28328
28329
28331
28332
28333
28335
28336
28337
28338
28339
28340
28341
28344
29000
29001
29002
29003
29004
29005
29006
29007
29008
29009
29010
29011
29012
29013
29014
29015
29016
29017
29018
29019
29020
29300
29301
29302
29303
29304
29400
29500
29501
29502
29503
29505
29506
29507
29508
29509
29510
29512
29900
29901
29902
29903
29904
29905
29906
29907
29908
29909
29910
29911
29912
29913
29914
29915
29916
29917
29918
29919
29920
29921
29922
29923
29924
29925
29926
29927
29928
29929
29930
29931
29932
29933
3000
3001
3002
3003
3004
3005
3006
3007
3008
3009
3010
3011
3012
3013
3014
3015
3016
3017
3018
3019
3020
3021
3022
3023
3024
3025
3026
3027
3028
3029
3030
3031
3032
3033
3034
3035
3036
3037
3038
3039
3040
3041
3042
3043
3044
3045
3046
3047
3048
3049
3050
3051
3052
3053
3054
3055
3056
3057
3058
3059
3060
3061
3062
3063
3064
3065
3066
3067
3068
3069
3070
3071
3072
3073
3074
3075
3076
3077
3078
3079
3080
3081
3082
3083
3084
3085
3086
3087
3088
3089
3090
3091
3092
3093
3094
3095
3096
3097
3098
3099
3100
3101
3102
3103
3104
3105
3106
3107
3108
3109
3110
3111
3112
3113
3114
3115
3200
3201
3202
3203
3204
3205
3206
3207
3208
3209
3210
3211
3212
3213
3214
3215
3216
3217
3218
3219
3220
3221
3222
3223
3224
3225
3226
3227
3228
3229
3230
3231
3232
3233
3234
3235
3236
3237
3238
3239
3240
3241
3242
3243
3244
3245
3246
3247
3248
3249
3250
3300
3301
3302
3303
3304
3305
3306
3307
3308
3309
3310
3311
3312
3313
3314
3315
3316
3317
3318
3319
3320
3321
3322
3323
3324
3325
3326
3327
3328
3329
3330
3331
3332
3333
3334
3335
3336
3337
3338
3339
3340
3341
3342
3343
3344
3345
3346
3347
3348
3349
3350
3351
3352
3353
3354
3355
3356
3357
3358
3359
3360
3361
3362
3363
3364
3365
3366
3367
3368
3369
3370
3371
3372
3373
3374
3375
3376
3377
3378
3379
3380
3381
3382
3383
3384
3385
3400
3401
3402
3403
3404
3405
3406
3407
3408
3409
3410
3411
3412
3413
3414
3415
3416
3417
3418
3419
3420
3421
3422
3423
3424
3425
3426
3427
3428
3429
3430
3431
3432
3433
3434
3435
3436
3437
3438
3439
3440
3441
3442
3443
3444
3445
3446
3447
3448
3449
3450
3451
3452
3453
3454
3455
3456
3457
3458
3500
3501
3502
3503
3504
3505
3506
3507
3508
3509
3510
3511
3512
3513
3514
3515
3516
3517
3518
3519
3520
3521
3522
3523
3524
3525
3526
3527
3528
3529
3530
3531
3532
3533
3534
3535
3536
3537
3538
3539
3600
3601
3602
3603
3604
3605
3606
3607
3608
3609
3610
3611
3612
3613
3614
3615
3616
3617
3618
3619
3620
3621
3622
3623
3624
3625
3626
3627
3628
3629
3630
3631
3632
3633
3634
3635
3636
3637
3639
3640
3641
3642
3643
3644
3645
3646
3647
3648
3700
3701
3702
3703
3704
3705
3706
3707
3708
3709
3710
3711
3712
3713
3714
3715
3716
3717
3718
3719
3720
3721
3722
3723
3724
3725
3726
3727
3728
3730
3731
3732
3733
3734
3735
3736
3737
3738
3739
3740
3742
3743
3744
3748
3749
3800
3801
3802
3803
3804
3805
3806
3807
3808
3809
3810
3811
3812
3813
3814
3815
3816
3817
3818
3819
3820
3821
3822
3823
3824
3825
3826
3827
3828
3829
3830
3831
3832
3833
3834
3835
3836
3837
3838
3839
3840
3841
3842
3843
3844
3845
3900
3901
3902
3903
3904
3905
3906
3907
3908
3909
3910
3911
3912
3913
3914
3915
3916
3917
3918
3919
3920
3921
3922
3923
3924
3925
3926
3927
3928
3929
3930
3931
3932
3933
3934
3935
3936
3937
3938
3939
3940
3941
3942
3943
3944
3945
3946
3947
3948
3949
3950
3951
3952
3953
3954
3955
4000
4001
4002
4003
4004
4005
4006
4007
4008
4009
4010
4011
4012
4013
4014
4100
4101
4102
4103
4104
4105
4106
4107
4108
4109
4200
4201
4202
4203
4204
4205
4206
4207
4208
4209
4210
4211
4212
4213
4214
4215
4216
4217
4218
4300
4301
4302
4303
4304
4305
4306
4307
4308
4309
4437
4477
4478
4479
4480
4481
4482
4483
4484
4485
4486
4487
4488
4489
4490
4503
4504
4505
4506
4507
4508
4509
4510
4511
4512
4513
4522
4523
4541
4542
4543
4544
4545
4546
4547
4548
4549
4550
4551
4552
4553
4554
4555
4556
4557
4558
4559
4560
4576
4646
4647
4659
4660
4661
4675
4676
4900
4901
4902
4903
4904
4905
4906
4907
4908
4909
4910
4911
4912
4913
4914
4915
4916
4917
4918
4919
4920
4921
4922
4923
4924
4925
4926
4927
4928
4929
4930
4931
4932
4933
4934
4935
4936
4937
4938
4939
4940
4941
4942
4943
4944
4945
4946
4947
4948
4949
4950
4951
4952
4953
4954
4955
4956
4957
4958
4959
4960
4962
4963
4964
4965
4966
4967
4968
4969
4970
4971
4972
4973
4974
4975
4976
4977
4978
4979
4980
4981
4982
4983
4984
4985
4986
4987
4988
4989
4990
4991
4992
4993
4994
4995
4996
4997
4998
4999
5009
5010
5011
5012
5069
6000
6002
6003
6004
6005
6006
6007
6008
6009
6010
6011
6012
6013
6014
6015
6016
6017
6018
6019
6020
6021
6022
6023
6024
6025
6026
6027
6028
6029
6030
6031
6032
6033
6034
6035
6036
6100
6101
6102
6103
6104
6105
6106
6107
6108
6110
6120
6121
6122
6123
6124
6130
6131
6132
6133
6134
6140
6141
6150
6151
6152
6153
6160
6161
6162
6163
6164
6165
6166
6167
6168
6169
6180
6190
6191
6192
6200
6201
6202
6210
6211
6212
6220
6221
6222
6223
6224
6225
6226
6230
6231
6240
6241
6242
6243
6250
6251
6260
6261
6262
6263
6270
6271
6272
6273
6280
6281
6290
6291
6292
6293
6294
6295
6296
6297
6300
6301
6302
6303
6304
6310
6311
6312
6313
6314
6315
6316
6320
6321
6322
6323
6324
6325
6330
6340
6350
6360
6361
6362
6363
6370
6380
6390
6400
6410
6700
6800
6900
6901
6902
6903
6904
6905
6910
6911
6912
6913
6914
6915
6920
6921
6922
6923
6924
6925
6930
6931
6932
6933
6934
6935
6940
6941
6942
6943
6944
6945
7100
7101
7102
7103
7104
7105
7106
7107
7109
7300
7301
7302
7303
7778
8000
8002
8003
8004
8005
8007
8008
8009
8010
8012
8013
8018
8019
8020
8021
8022
8023
8024
8025
8027
8028
8029
8030
8031
8032
8033
8034
8035
8036
8037
8038
8039
8040
8041
8042
8043
8047
8048
8049
8050
8051
8052
8053
8054
8055
8056
8057
8058
8059
8060
8061
8062
8064
8065
8066
8067
8068
8069
8070
8072
8073
8074
8075
8076
8077
8078
8079
8080
8081
8082
8083
8084
8142
8184
8185
8189
8206
8207
8213
8218
8219
8220
8221
8222
8223
8224
8225
8226
8227
8228
8229
8230
8231
8232
8233
8234
8235
8236
8237
8238
8239
8245
8246
8247
8248
8249
8251
8254
8255
8256
8257
8258
8259
8260
8261
8262
8263
8264
8265
8266
8267
8268
8269
8270
8271
8272
8273
8274
8275
8276
8277
8278
8279
8280
8281
8282
8283
8284
8285
8286
8287
8289
8290
8291
8292
8293
8295
8297
8298
8299
8510
8511
8512
8513
8514
8515
8530
8531
8532
8533
8534
8536
8537
8538
8539
8540
8541
8569
8570
8700
8701
8713
8800
8801
8802
8804
8805
8806
8821
8822
8823
8829
8830
8832
8833
8834
8843
8848
8849
8850
8851
8852
8853
8854
8855
8856
8857
8858
8859
8860
8862
8863
8864
8865
8866
8867
8868
8869
8870
8871
8873
8874
8875
8879
8880
8881
8882
8885
8886
8887
8888
9004
9011
9012
9051
9052
9053
9054
9055
9056
9057
9058
9059
9100
9101
9110
9111
9120
9121
9130
9140
9141
9142
9143
9150
9151
9152
9153
9154
9155
9156
9160
9161
9162
9163
9164
9165
9166
9167
9168
9169
9170
9171
9172
9173
9180
9181
9182
9183
9190
9191
9192
9193
9210
9220
9230
9240
9250
9251
9252
9253
9254
9260
9261
9262
9263
9264
9265
9266
9270
9280
9281
9282
9283
9284
9290
9291
9292
9300
9301
9302
9303
9304
9305
9306
9310
9311
9320
9321
9322
9323
9324
9325
9330
9331
9332
9333
9340
9341
9350
9351
9352
9360
9370
9371
9372
9380
9381
9382
9383
9384
9385
9386
9387
9388
9389
9390
9391
9392
9393
9394
9395
9398
9399
9400
9401
9402
9403
9404
9405
9406
9407
9408
9409
9410
9411
9412
9413
9414
9415
9416
9421
9422
9423
9424
9425
9426
9427
9428
9429
9430
9431
9432
9433
9440
9441
9442
9443
9444
9445
9450
9451
9470
9471
9472
9473
9474
9475
9476
9477
9490
9491
9492
9493
9494
9495
9496
9497
9498
9499
9503
9504
9505
9506
9507
9508
9509
9510
9511
9512
9513
9514
9520
9521
9522
9523
9524
9525
9526
9527
9528
9600
9601
9602
9603
9604
9605
9606
9607
9608
9609
9610
9611
9612
9613
9614
9615
9616
9617
9618
9619
9620
9621
9622
9623
9624
9625
9630
9631
9632
9633
9635
9636
9637
9638
9640
9641
9642
9650
9651
9652
9660
9661
9662
9663
9664
9670
9671
9672
9680
9682
9683
9684
9685
9690
9691
9692
9693
9694
9695
9696
9697
9698
9699
9700
9701
9702
9703
9704
9705
9706
9710
9711
9712
9713
9714
9720
9721
9722
9723
9724
9725
9726
9727
9728
9730
9731
9732
9733
9734
9735
9740
9741
9742
9743
9744
9745
9746
9747
9748
9800
9801
9802
9803
9804
9805
9806
9807
9808
9809
9810
9811
9812
9813
9814
9815
9816
9817
9818
9819
9820
9821
9822
9823
9824
9825
9830
9831
9832
9833
9834
9835
9836
9837
9838
9839
9840
9841
9842
9843
9844
9845
9846
9847
9848
9849
9850
9851
9852
9860
9861
9862
9863
9864
9865
9866
9867
9868
9869
9870
9871
9872
9873
9875
9878
9879
9880
9881
9882
9883
9884
9885
9887
9889
9890
9891
9892
9893
9900
9901
9902
9903
9904
9905
9906
9907
9908
9909
9920
9921
9922
9923
9924
9925
9926
9927
9928
9929
9930
9931
9932
9933
9934
9935
9936
9937
9938
9939
9940
9941
9942
9943
9944
9945
9946
9947
9950
9951
9952
9953
9954
9955
9960
9961
9962
9963
9965
9970
9975
9980
9981
9982
9983
9984
9985
9986
9987
9988
9990
9991
9992
9994
9996
9997
9999