10000
1001000
1001001
1001100
1002000
1002001
1002002
1002003
1002004
1002005
1002006
1002007
1002100
1002101
1002102
1002103
1002104
1010100
1011000
1011001
1011100
1012000
1012001
1012002
1012003
1012004
1012005
1012006
1012007
1012008
1012009
1012100
1012101
1012102
1012103
1012104
1012105
1012106
1012107
1012108
1012109
1012110
1012111
1012112
1012113
1012114
1012115
1012116
1012117
1012118
1012119
1013000
1013001
1013002
1013100
1013101
1013102
1013103
1013104
1013105
1013200
1013201
1013202
1013203
10200
1020000
10201
10202
10203
10204
1021000
1021001
1021100
1022000
1022001
1022002
1022003
1022004
1022005
1022006
1022007
1022008
1022100
1022101
1022102
1022103
1022104
1022105
1022106
1022107
1031000
1031001
1031100
1032000
1032001
1032002
1032003
1032004
1032005
1032006
1032007
1032008
1032009
1032100
1032101
1032102
1032103
1032104
1032105
1032106
1032107
1032108
1032109
1032110
1032111
1032112
1032113
1032114
1040000
1040001
1040002
1043000
1043001
1051000
1051001
1051002
1052000
1052001
1052002
1052003
1052004
1052005
1052006
1052007
1052008
1052009
1052010
1052011
1052012
1052013
1052014
1052015
1052016
1052017
1052100
1052101
1052102
1052103
1052104
1052105
1052106
1052107
1052108
1052109
1052110
1052111
1052112
1052113
1052114
1052115
1052116
1052117
1052118
1052119
1052120
1052121
1052122
1052123
1052124
1052125
1061000
1061001
1061002
1061003
1061004
1061005
1061006
1061007
1061008
1061009
1061010
1061011
1061012
1061013
1061014
1061015
1061016
1061017
1061018
1061019
1061100
1063000
1063001
1063002
1063003
1063004
1063005
1063006
1063007
1063008
1063009
1063010
1063011
1063012
1063013
1063014
1063015
1063016
1063017
1063018
1072000
1072001
1072002
1072003
1072004
1072005
1072006
1072007
1072008
1081000
1081001
1081100
1081101
1081102
1090000
1091000
1091001
1091002
1091003
1091004
1092000
1092001
1092002
1092003
1092004
1092006
1092007
1092008
1092009
1092010
1092011
1092012
1092013
1092014
1092015
1092016
1092017
1092018
1092019
1092090
1092091
1092092
1092093
1092094
1092095
1092097
1093000
1094000
1094001
1094002
1094003
1094004
1094005
1094006
1095000
1095001
1095002
11000
1100000
1100001
1100002
1100003
1100004
1100005
1100006
1100007
1100008
1101000
1101001
1101002
1101003
1101004
1101005
1101006
1101007
1101008
1102000
1102001
1102002
1102003
1102004
1102005
1102006
1102007
1102008
1102009
1103000
1103001
1103002
1103003
1103004
1103005
1104000
1104001
1104002
1104100
1104101
1104102
1104103
1104104
1104200
1104201
1104202
1104203
1104204
1104205
1104206
1104207
1104208
11100
12000
1200000
1200001
1200002
1200003
1200004
1200005
1200006
1201000
1201001
1201002
1202000
1202001
1202002
1202003
1202004
1202005
1202006
1202007
1202008
1202009
1202010
1203000
1203001
1204000
1204001
1204002
1204003
1204004
1204005
1204006
1204007
1204010
1204020
1204030
1204031
1204032
1204033
1205000
1209000
1209001
1209002
1209003
1209004
1209005
1209006
1209007
12100
12101
1300000
1300001
1300002
1300003
1300004
1300005
1300006
1300007
1300008
1300009
1300010
1300011
1300012
1300013
1300014
1301000
2000
20000
20001
20002
2001
2001000
2001001
2001002
2001003
2001004
2001005
2002
2002000
2002001
2002002
2003
2004
2005
2006
2007
20100
2010000
2010001
2010002
2010003
2010004
2010005
2010006
2010007
2010008
2010009
2012000
2012001
2012002
2012003
2012004
2012005
2012006
2012007
2012008
2012009
2012010
2012011
2012012
2012013
2012014
2012015
2012016
2012017
2012018
2012019
2012020
2012021
2012022
2012023
2012024
2012025
2012026
2012027
2012028
2012029
2012030
2012031
2012032
2012033
2012034
2013000
2013001
2013002
2020000
2020001
2020002
2020003
2020004
2020005
2020006
2020007
2020008
2020009
2020010
2020011
2020012
2020013
2022000
2022001
2022002
2022003
2022004
2023000
2030000
2030001
2030002
2030003
2030004
2030005
2030006
2030007
2030008
2030009
2030010
2030011
2030012
2030013
2030014
2030015
2032000
2032001
2032002
2032003
2032004
2040000
2040001
2040002
2040003
2040004
2040005
2040006
2040007
2040008
2040009
2040010
2040011
2040012
2040013
2040014
2040015
2040016
2040017
2040018
2040019
2040020
2040021
2040022
2040023
2040024
2040025
2040026
2040027
2040028
2040029
2040030
2040031
2040032
2040033
2040034
2040035
2040036
2040037
2040038
2040039
2040040
2040041
2040042
2040043
2040044
2040045
2040046
2040047
2040048
2040049
2040050
2040051
2040052
2041000
2041001
2041002
2041003
2041004
2041005
2041006
2041007
2041008
2041009
2041010
2041011
2041012
2041013
2041014
2041015
2041016
2041017
2041018
2041019
2041020
2041021
2041022
2041023
2041024
2041025
2041026
2041027
2041028
2041029
2042000
2042001
2042002
2042003
2042004
2042005
2042006
2042007
2042008
2042009
2043000
2050000
2050001
2050002
2050003
2050004
2050005
2050006
2050007
2050008
2050009
2050010
2050011
2050012
2050013
2050014
2050015
2050016
2050017
2050018
2050019
2050020
2051000
2051001
2060000
2060001
2060002
2060003
2060004
2060005
2060006
2060007
2060008
2060009
2060010
2060100
2060101
2060102
2060103
2070000
2070001
2070002
2070003
2071000
2071001
2071002
2071003
2071004
2071005
2071006
2071007
2071008
2071009
2071010
2071011
2071012
2071013
2071014
2071015
2072000
2072001
2073000
2080000
2080001
2080002
2080003
2080004
2080005
2080006
2081000
2081001
2081002
2081003
2081004
2081005
2081006
2081007
2081008
2081009
2081010
2081011
2081012
2081013
2081014
2081100
2081200
2081300
2081400
2081500
2082000
2082001
2082002
2082003
2082004
2082005
2082006
2082007
2082008
2082009
2082010
2082011
2082012
2082013
2082014
2082015
2082016
2082017
2083000
2083001
2083002
2083003
2083004
2083005
2083006
2084000
2084001
2084002
2084003
2084004
2084005
2084006
2084007
2084008
2084009
2084010
2090000
2090001
2090002
2090003
2090004
2090005
2090006
2090100
2090101
2090102
2090103
2090104
2091000
2091001
2091002
2091003
2091004
2091005
2091006
2091007
2091008
2091009
2092000
2092001
2092100
2093000
2093001
2093002
2093003
2093004
2094000
2094001
2094002
2095000
2096000
2100
21000
2100000
2100001
2100002
2100003
2100004
2100005
2100006
2100007
2100008
2100009
2101
2101000
2101001
2101002
2101003
2101004
2101005
2101006
2101007
2101008
2101009
2101010
2101011
2101012
2101013
2101014
2101015
2101016
2101017
2101018
2102
2102000
2102001
2102002
2103
2103000
2103001
2103002
2103003
2103004
2103005
2103006
2103007
2103008
2103009
2103010
2103011
2103012
2103013
2104
2110000
2110001
2110002
2110003
2110004
2110005
2111000
2111001
2111002
2111003
2111004
2111005
2111006
2111007
2111008
2111009
2111010
2111011
2111012
2111013
2111014
2111015
2111016
2111017
2111018
2111019
2111020
2111021
2111022
2111023
2111024
2111025
2111026
2112000
2112001
2112002
2112003
2112004
2112005
2112006
2112007
2112008
2112009
2112010
2112011
2112012
2112013
2112014
2112015
2112016
2112017
2112018
2120000
2120001
2120002
2120003
2120004
2120005
2120006
2120007
2120008
2120009
2120010
2121000
2121001
2121002
2121003
2121004
2121005
2121006
2121007
2121008
2121009
2121010
2121011
2121012
2130000
2131000
2131001
2131002
2131003
2131004
2131005
2131006
2131007
2132000
2132001
2132002
2132003
2133000
2133001
2133002
2133003
2133004
2140000
2140001
2140002
2140003
2141000
2141001
2141002
22000
9000000
9000001
9000002
9000003
9000004
9000005
9000006
9000007
9000008
9000009
9000010
9000011
9000012
9000013
9000014
9000015
9000016
9000017
9000018
9000019
9000020
9000021
9000022
9000023
9000024
9000025
9000026
9000027
9000028
9000029
9000030
9000031
9000032
9000033
9000034
9000035
9000036
9000037
9000038
9000039
9000040
9000041
9000042
9000043
9000044
9000045
9000046
9000047
9000048
9000049
9000050
9000051
9000052
9000053
9000054
9000055
9000056
9000057
9000058
9000059
9000060
9000061
9000062
9000063
9000064
9000065
9000066
9000067
9000068
9000069
9000070
9001000
9001001
9001002
9001003
9001004
9001005
9001006
9001008
9001009
9001100
9001101
9001102
9001103
9001104
9001105
9001106
9001107
9001108
9010000
9010001
9010002
9010003
9010004
9010005
9010006
9010007
9010008
9010009
9010010
9010011
9010012
9010013
9010014
9010015
9010016
9010017
9010018
9010019
9010020
9010021
9010022
9020000
9020001
9020002
9030000
9030100
9040000
9040001
9040002
9040003
9040004
9040005
9040006
9040007
9040008
9040009
9040010
9040011
9040012
9050000
9050001
9050002
9050003
9050004
9050005
9050006
9050007
9050008
9050009
9050010
9060000
9060001
9090000
9100000
9100001
9100002
9100003
9100004
9100100
9100101
9100102
9100103
9100104
9100105
9100106
9100107
9100108
9100109
9100110
9100111
9100112
9100117
9100200
9100201
9100202
9100203
9100204
9100205
9101000
9101001
9101002
9101003
9102000
9102001
9102100
9102101
9103000
9103001
9103002
9103003
9105002
9105003
9105004
9105005
9110000
9110001
9110002
9110003
9110004
9110005
9110006
9110007
9110008
9110009
9110010
9110011
9110012
9110013
9110014
9110015
9110016
9110100
9120000
9120001
9120002
9120003
9120004
9120005
9120006
9120007
9120008
9120009
9120010
9120011
9120012
9120013
9120014
9120015
9120016
9120017
9120018
9120019
9120020
9120021
9120022
9120023
9120024
9120100
9120101
9120102
9120103
9120104
9120200
9120201
9120202
9120203
9200000
9200001
9200100
9200101
9200102
9201000
9201001
9201002
9201003
9201004
9201005
9201006
9201007
9201008
9201009
9201010
9201011
9201012
9201013
9201014
9201015
9201016
9201017
9201018
9201019
9201020
9201021
9201022
9201023
9201024
9201025
9201026
9201027
9201028
9201029
9201030
9201031
9201032
9201033
9201034
9201035
9201036
9201037
9201038
9201039
9201040
9201041
9201042
9201043
9201044
9201045
9201046
9201047
9201048
9201049
9201050
9201051
9201052
9201053
9201054
9201055
9201056
9201057
9201058
9201059
9201060
9201061
9201062
9201063
9201064
9201065
9201066
9201067
9201068
9201069
9201070
9201071
9201072
9201073
9201074
9201075
9201076
9201077
9201078
9201079
9201080
9201081
9201082
9201083
9201084
9201085
9201086
9201087
9201088
9201089
9201090
9201091
9201092
9201093
9201094
9201095
9201096
9201097
9201098
9201099
9201100
9201101
9201102
9201103
9201104
9201105
9201106
9201107
9201108
9201109
9201110
9201111
9201112
9201113
9201114
9201115
9201116
9201117
9201118
9201119
9201120
9201121
9201122
9201123
9201124
9201125
9201126
9201127
9201128
9201129
9201130
9201131
9201132
9201133
9201134
9201135
9201136
9201137
9201138
9201139
9201140
9201141
9201142
9201143
9201144
9209000
9209001
9209002
9209003
9209004
9209005
9209006
9209007
9209008
9209100
9209101
9220000
9220001
9220004
9220005
9220006
9220016
9220018
9220019
9220020
9250000
9250001
9250003
9250004
9250005
9250006
9250007
9250008
9250009
9250010
9250011
9250012
9250013
9250014
9250016
9250022
9250023
9250024
9250025
9250026
9250027
9250028
9250029
9250042
9250043
9250044
9250045
9250046
9250051
9250052
9250053
9250054
9270000
9270001
9270002
9270003
9270004
9270005
9270006
9270007
9270008
9270009
9270010
9270011
9270012
9270013
9270014
9270015
9270016
9270017
9270018
9270019
9270020
9270021
9270022
9270023
9270024
9270025
9270026
9270027
9270028
9270029
9270030
9270031
9270032
9270033
9270034
9270035
9270036
9270037
9270038
9270039
9270040
9270041
9270042
9270043
9270047
9270054
9270055
9270056
9270057
9270058
9270059
9270060
9270061
9270062
9270063
9270064
9270065
9270066
9300000
9300001
9300002
9300003
9300004
9300005
9300006
9300007
9300008
9300009
9300010
9300011
9300012
9300013
9300014
9310000
9310001
9310002
9310003
9310004
9310005
9310006
9310007
9310008
9310009
9310010
9310011
9310012
9310013
9310014
9310015
9310016
9310017
9310018
9310019
9310021
9310022
9310023
9310024
9310025
9310026
9310027
9310028
9310029
9310030
9310031
9310032
9310033
9310034
9310035
9310036
9310037
9310038
9310039
9310040
9310041
9310042
9310043
9310044
9310046
9310047
9310048
9310049
9310050
9310051
9310052
9310053
9310054
9310055
9310056
9310057
9310058
9310083
9330000
9330001
9330002
9330003
9330004
9330005
9330006
9330007
9330008
9330009
9330010
9330011
9330012
9330013
9330014
9330015
9330016
9330017
9330018
9330019
9330020
9330021
9330022
9330023
9330024
9330025
9330026
9330027
9330028
9330029
9330030
9330031
9330032
9330042
9330044
9330045
9330046
9900000
9900001
9901000
9901001
9901002
9901003
9901004
9901005
9901006
9901007
9901008
9901009
9901010
9901011
9901012
9901013
9901014
9901015
9901016
9901017
9901018
9901019
9901020
9901021
9901022
9901023
9901024
9901025
9901026
9901027
9901028
9901029
9901030
9901031
9901032
9901033
9901034
9901035
9901036
9901037
9901038
9901039
9901040
9901041
9901042
9901043
9901044
9901045
9901046
9901047
9901048
9901049
9901050
9901051
9901052
9901053
9901054
9901055
9901056
9901057
9901058
9901059
9901060
9901061
9901062
9901063
9901064
9901065
9901066
9901067
9901068
9901069
9901070
9901071
9901072
9901073
9901074
9901075
9901076
9901077
9901078
9901079
9901080
9901081
9901082
9901083
9901084
9901085
9901086
9901087
9901088
9901089
9901090
9901091
9901092
9901093
9901094
9901095
9901096
9901097
9901098
9901099
9901100
9901101
9901102
9901103
9901104
9901105
9901106
9901107
9901108
9901109
9901110
9901111
9901112
9901113
9901114
9901115
9901116
9901117
9901118
9901119
9901120
9901121
9901122
9901123
9901124
9901125
9901126
9901127
9901128
9901129
9901130
9901131
9901132
9901133
9901134
9901135
9901136
9901137
9901138
9901139
9901140
9901141
9901142
9901143
9901144
9901145
9901146
9901147
9901148
9901149
9901150
9901151
9901152
9901153
9901154
9901155
9901156
9901157
9901158
9901159
9901160
9901161
9901162
9901163
9901164
9901165
9901166
9901167
9901168
9901169
9901170
9901171
9901172
9901173
9901174
9901175
9901176
9901177
9901178
9901179
9901180
9901181
9901182
9901183
9901184
9901185
9901186
9901187
9901188
9901189
9901190
9901191
9901192
9901193
9901194
9901195
9901196
9901197
9901198
9901199
9901200
9901201
9901202
9901203
9901204
9901205
9901206
9901207
9901208
9901209
9901210
9901211
9901212
9901213
9901214
9901215
9901216
9901217
9901218
9901219
9901220
9901221
9901222
9901223
9901224
9901225
9901226
9901227
9901228
9901229
9901230
9901231
9901232
9901233
9901234
9901235
9901236
9901237
9901238
9901239
9901240
9901241
9901242
9901243
9901244
9901245
9901246
9901247
9901248
9901249
9901250
9901251
9901252
9901253
9901254
9901255
9901256
9901257
9901258
9901259
9901260
9901261
9901262
9901263
9901264
9901265
9901266
9901267
9901268
9901269
9901270
9901271
9901272
9901273
9901274
9901275
9901276
9901277
9901278
9901279
9901280
9901281
9901282
9901283
9901284
9901285
9901286
9901287
9901288
9901289
9901290
9901291
9901292
9901293
9901294
9901295
9901296
9901297
9901298
9901299
9901300
9901301
9901302
9901303
9901304
9901305
9901306
9901307
9901308
9901309
9901310
9901311
9901312
9901313
9901314
9901315
9901316
9901317
9901318
9901319
9901320
9901321
9901322
9901323
9901324
9901325
9901326
9901327
9901328
9901329
9901330
9901331
9901332
9901333
9901334
9901335
9901336
9901337
9901338
9901339
9901340
9901341
9901342
9901343
9901344
9901345
9901346
9901347
9901348
9901349
9901350
9901351
9901352
9901353
9901354
9901355
9901356
9901357
9901358
9901359
9901360
9901361
9901362
9901363
9901364
9901365
9901366
9901367
9901368
9901369
9901370
9901371
9901372
9901373
9901374
9901375
9901376
9901377
9901378
9901379
9901380
9901381
9901382
9901383
9901384
9901385
9901386
9901387
9901388
9901389
9901390
9901391
9901392
9901393
9901394
9901395
9901396
9901397
9901398
9901399
9901400
9901401
9901402
9901403
9901404
9901405
9901406
9901407
9901408
9901409
9901410
9901411
9901412
9901413
9901414
9901415
9901416
9901417
9901418
9901419
9901420
9901421
9901422
9901423
9901424
9901425
9901426
9901427
9901428
9901429
9901430
9901431
9901432
9901433
9901434
9901435
9901436
9901437
9901438
9901439
9901440
9901441
9901442
9901443
9901444
9901445
9901446
9901447
9901448
9901449
9901450
9901451
9901452
9901453
9901454
9901455
9901456
9901457
9901458
9901459
9901460
9901461
9901462
9901463
9901464
9901465
9901466
9901467
9901468
9901469
9901470
9901471
9901472
9901473
9901474
9901475
9901476
9901477
9901478
9901479
9901480
9901481
9901482
9901483
9901484
9901485
9901486
9901487
9901488
9901489
9901490
9901491
9901492
9901493
9901494
9901495
9901496
9901497
9901498
9901499
9901500
9901501
9901502
9901503
9901504
9901505
9901506
9901507
9901508
9901509
9901510
9901511
9901512
9901513
9901514
9901515
9901516
9901517
9901518
9901519
9901520
9901521
9901522
9901523
9901524
9901525
9901526
9901527
9901528
9901529
9901530
9901531
9901532
9901533
9901534
9901535
9901536
9901537
9901538
9901539
9901540
9901541
9901542
9901543
9901544
9901545
9901546
9901547
9901548
9901549
9901550
9901551
9901552
9901553
9901554
9901555
9901556
9901557
9901558
9901559
9901560
9901561
9901562
9901563
9901564
9901565
9901566
9901567
9901568
9901569
9901570
9901571
9901572
9901573
9901574
9901575
9901576
9901577
9901578
9901579
9901580
9901581
9901582
9901583
9901584
9901585
9901586
9901587
9901588
9901589
9901590
9901591
9901592
9901593
9901594
9901595
9901596
9901597
9901598
9901599
9901600
9901601
9901602
9901603
9901604
9901605
9901606
9901607
9901608
9901609
9901610
9901611
9901612
9901613
9901614
9901615
9901616
9901617
9901618
9901619
9901620
9901621
9901622
9901623
9901624
9901625
9901626
9901627
9901628
9901629
9901630
9901631
9901632
9901633
9901634
9901635
9901636
9901637
9901638
9901639
9901640
9901641
9901642
9901643
9901644
9901645
9901646
9901647
9901648
9901649
9901650
9901651
9901652
9901653
9901654
9901655
9901656
9901657
9901658
9901659
9901660
9901661
9901662
9901663
9901664
9901665
9901666
9901667
9901668
9901669
9901670
9901671
9901672
9901673
9901674
9901675
9901676
9901677
9901678
9901679
9901680
9901681
9901682
9901683
9901684
9901685
9901686
9901687
9901688
9901689
9901690
9901691
9901692
9901693
9901694
9901695
9901696
9901697
9901698
9901699
9901700
9901701
9901702
9901703
9901704
9901705
9901706
9901707
9901708
9901709
9901710
9901711
9901712
9901713
9901714
9901715
9901716
9901717
9901718
9901719
9901720
9901721
9901722
9901723
9901724
9901725
9901726
9901727
9901728
9901729
9901730
9901731
9901732
9901733
9901734
9901735
9901736
9901737
9901738
9901739
9901740
9901741
9901742
9901743
9901744
9901745
9901746
9901747
9901748
9901749
9901750
9901751
9901752
9901753
9901754
9901755
9901756
9901757
9901758
9901759
9901760
9901761
9901762
9901763
9901764
9901765
9901766
9901767
9901768
9901769
9901770
9901771
9901772
9901773
9901774
9901775
9901776
9901777
9901778
9901779
9901780
9901781
9901782
9901783
9901784
9901785
9901786
9901787
9901788
9901789
9901790
9901791
9901792
9901793
9901794
9901795
9901796
9901797
9901798
9901799
9901800
9901801
9901802
9901803
9901804
9901805
9901806
9901807
9901808
9901809
9901810
9901811
9901812
9901813
9901814
9901815
9901816
9901817
9901818
9901819
9901820
9901821
9901822
9901823
9901824
9901825
9901826
9901827
9901828
9901829
9901830
9901831
9901832
9901833
9901834
9901835
9901836
9901837
9901838
9901839
9901840
9901841
9901842
9901843
9901844
9901845
9901846
9901847
9901848
9901849
9901850
9901851
9901852
9901853
9901854
9901855
9901856
9901857
9901858
9901859
9901860
9901861
9901862
9901863
9901864
9901865
9901866
9901867
9901868
9901869
9901870
9901871
9901872
9901873
9901874
9901875
9901876
9901877
9901878
9901879
9901880
9901881
9901882
9901883
9901884
9901885
9901886
9901887
9901888
9901889
9901890
9901891
9901892
9901893
9901894
9901895
9901896
9901897
9901898
9901899
9901900
9901901
9901902
9901903
9901904
9901905
9901906
9901907
9901908
9901909
9901910
9901911
9901912
9901913
9901914
9901915
9901916
9901917
9901918
9901919
9901920
9901921
9901922
9901923
9901924
9901925
9901926
9901927
9901928
9901929
9901930
9901931
9901932
9901933
9901934
9901935
9901936
9901937
9901938
9901939
9901940
9901941
9901942
9901943
9901944
9901945
9901946
9901947
9901948
9901949
9901950
9901951
9901952
9901953
9901954
9901955
9901956
9901957
9901958
9901959
9901960
9901961
9901962
9901963
9901964
9901965
9901966
9901967
9901968
9901969
9901970
9901971
9901972
9901973
9901974
9901975
9901976
9901977
9901978
9901979
9901980
9901981
9901982
9901983
9901984
9901985
9901986
9901987
9901988
9901989
9901990
9901991
9901992
9901993
9901994
9901995
9901996
9901997
9901998
9901999
9902000
9902001
9902002
9902003
9902004
9902005
9902006
9902007
9902008
9902009
9902010
9902011
9902012
9902013
9902014
9902015
9902016
9902017
9902018
9902019
9902020
9902021
9902022
9902023
9902024
9902025
9902026
9902027
9902028
9902029
9902030
9902031
9902032
9902033
9902034
9902035
9902036
9902037
9902038
9902039
9902040
9902041
9902042
9902043
9902044
9902045
9902046
9902047
9902048
9902049
9902050
9902051
9902052
9902053
9902054
9902055
9902056
9902057
9902058
9902059
9902060
9902061
9902062
9902063
9902064
9902065
9902066
9902067
9902068
9902069
9902070
9902071
9902072
9902073
9902074
9902075
9902076
9902077
9902078
9902079
9902080
9902081
9902082
9902083
9902084
9902085
9902086
9902087
9902088
9902089
9902090
9902091
9902092
9902093
9902094
9902095
9902096
9902097
9902098
9902099
9902100
9902101
9902102
9902103
9902104
9902105
9902106
9902107
9902108
9902109
9902110
9902111
9902112
9902113
9902114
9902115
9902116
9902117
9902118
9902119
9902120
9902121
9902122
9902123
9902124
9902125
9902126
9902127
9902128
9902129
9902130
9902131
9902132
9902133
9902134
9902135
9902136
9902137
9902138
9902139
9902140
9902141
9902142
9902143
9902144
9902145
9902146
9902147
9902148
9902149
9902150
9902151
9902152
9902153
9902154
9902155
9902156
9902157
9902158
9902159
9902160
9902161
9902162
9902163
9902164
9902165
9902166
9902167
9902168
9902169
9902170
9902171
9902172
9902173
9902174
9902175
9902176
9902177
9902178
9902179
9902180
9902181
9902182
9902183
9902184
9902185
9902186
9902187
9902188
9902189
9902190
9902191
9902192
9902193
9902194
9902195
9902196
9902197
9902198
9902199
9902200
9902201
9902202
9902203
9902204
9902205
9902206
9902207
9902208
9902209
9902210
9902211
9902212
9902213
9902214
9902215
9902216
9902217
9902218
9902219
9902220
9902221
9902222
9902223
9902224
9902225
9902226
9902227
9902228
9902229
9902230
9902231
9902232
9902233
9902234
9902235
9902236
9902237
9902238
9902239
9902240
9902241
9902242
9902243
9902244
9902245
9902246
9902247
9902248
9902249
9902250
9902251
9902252
9902253
9902254
9902255
9902256
9902257
9902258
9902259
9902260
9902261
9902262
9902263
9902264
9902265
9902266
9902267
9902268
9902269
9902270
9902271
9902272
9902273
9902274
9902275
9902276
9902277
9902278
9902279
9902280
9902281
9902282
9902283
9902284
9902285
9902286
9902287
9902288
9902289
9902290
9902291
9902292
9902293
9902294
9902295
9902296
9902297
9902298
9902299
9902300
9902301
9902302
9902303
9902304
9902305
9902306
9902307
9902308
9902309
9902310
9902311
9902312
9902313
9902314
9902315
9902316
9902317
9902318
9902319
9902320
9902321
9902322
9902323
9902324
9902325
9902326
9902327
9902328
9902329
9902330
9902331
9902332
9902333
9902334
9902335
9902336
9902337
9902338
9902339
9902340
9902341
9902342
9902343
9902344
9902345
9902346
9902347
9902348
9902349
9902350
9902351
9902352
9902353
9902354
9902355
9902356
9902357
9902358
9902359
9902360
9902361
9902362
9902363
9902364
9902365
9902366
9902367
9902368
9902369
9902370
9902371
9902372
9902373
9902374
9902375
9902376
9902377
9902378
9902379
9902380
9902381
9902382
9902383
9902384
9902385
9902386
9902387
9902388
9902389
9902390
9902391
9902392
9902393
9902394
9902395
9902396
9902397
9902398
9902399
9902400
9902401
9902402
9902403
9902404
9902405
9902406
9902407
9902408
9902409
9902410
9902411
9902412
9902413
9902414
9902415
9902416
9902417
9902418
9902419
9902420
9902421
9902422
9902423
9902424
9902425
9902426
9902427
9902428
9902429
9902430
9902431
9902432
9902433
9902434
9902435
9902436
9902437
9902438
9902439
9902440
9902441
9902442
9902443
9902444
9902445
9902446
9902447
9902448
9902449
9902450
9902451
9902452
9902453
9902454
9902455
9902456
9902457
9902458
9902459
9902460
9902461
9902462
9902463
9902464
9902465
9902466
9902467
9902468
9902469
9902470
9902471
9902472
9902473
9902474
9902475
9902476
9902477
9902478
9902479
9902480
9902481
9902482
9902483
9902484
9902485
9902486
9902487
9902488
9902489
9902490
9902491
9902492
9902493
9902494
9902495
9902496
9902497
9902498
9902499
9902500
9902501
9902502
9902503
9902504
9902505
9902506
9902507
9902508
9902509
9902510
9902511
9902512
9902513
9902514
9902515
9902516
9902517
9902518
9902519
9902520
9902521
9902522
9902523
9902524
9902525
9902526
9902527
9902528
9902529
9902530
9902531
9902532
9902533
9902534
9902535
9902536
9902537
9902538
9902539
9902540
9902541
9902542
9902543
9902544
9902545
9902546
9902547
9902548
9902549
9902550
9902551
9902552
9902553
9902554
9902555
9902556
9902557
9902558
9902559
9902560
9902561
9902562
9902563
9902564
9902565
9902566
9902567
9902568
9902569
9902570
9902571
9902572
9902573
9902574
9902575
9902576
9902577
9902578
9902579
9902580
9902581
9902582
9902583
9902584
9902585
9902586
9902587
9902588
9902589
9902590
9902591
9902592
9902593
9902594
9902595
9902596
9902597
9902598
9902599
9902600
9902601
9902602
9902603
9902604
9902605
9902606
9902607
9902608
9902609
9902610
9902611
9902612
9902613
9902614
9902615
9902616
9902617
9902618
9902619
9902620
9902621
9902622
9902623
9902624
9902625
9902626
9902627
9902628
9902629
9902630
9902631
9902632
9902633
9902634
9902635
9902636
9902637
9902638
9902639
9902640
9902641
9902642
9902643
9902644
9902645
9902646
9902647
9902648
9902649
9902650
9902651
9902652
9902653
9902654
9902655
9902656
9902657
9902658
9902659
9902660
9902661
9902662
9902663
9902664
9902665
9902666
9902667
9902668
9902669
9902670
9902671
9902672
9902673
9902674
9902675
9902676
9902677
9902678
9902679
9902680
9902681
9902682
9902683
9902684
9902685
9902686
9902687
9902688
9902689
9902690
9902691
9902692
9902693
9902694
9902695
9902696
9902697
9902698
9902699
9902700
9902701
9902702
9902703
9902704
9902705
9902706
9902707
9902708
9902709
9902710
9902711
9902712
9902713
9902714
9902715
9902716
9902717
9902718
9902719
9902720
9902721
9902722
9902723
9902724
9902725
9902726
9902727
9902728
9902729
9902730
9902731
9902732
9902733
9902734
9902735
9902736
9902737
9902738
9902739
9902740
9902741
9902742
9902743
9902744
9902745
9902746
9902747
9902748
9902749
9902750
9902751
9902752
9902753
9902754
9902755
9902756
9902757
9902758
9902759
9902760
9902761
9902762
9902763
9902764
9902765
9902766
9902767
9902768
9902769
9902770
9902771
9902772
9902773
9902774
9902775
9902776
9902777
9902778
9902779
9902780
9902781
9902782
9902783
9902784
9902785
9902786
9902787
9902788
9902789
9902790
9902791
9902792
9902793
9902794
9902795
9902796
9902797
9902798
9902799
9902800
9902801
9902802
9902803
9902804
9902805
9902806
9902807
9902808
9902809
9902810
9902811
9902812
9902813
9902814
9902815
9902816
9902817
9902818
9902819
9902820
9902821
9902822
9902823
9902824
9902825
9902826
9902827
9902828
9902829
9902830
9902831
9902832
9902833
9902834
9902835
9902836
9902837
9902838
9902839
9902840
9902841
9902842
9902843
9902844
9902845
9902846
9902847
9902848
9902849
9902850
9902851
9902852
9902853
9902854
9902855
9902856
9902857
9902858
9902859
9902860
9902861
9902862
9902863
9902864
9902865
9902866
9902867
9902868
9902869
9902870
9902871
9902872
9902873
9902874
9902875
9902876
9902877
9902878
9902879
9902880
9902881
9902882
9902883
9902884
9902885
9902886
9902887
9902888
9902889
9902890
9902891
9902892
9902893
9902894
9902895
9902896
9902897
9902898
9902899
9902900
9902901
9902902
9902903
9902904
9902905
9902906
9902907
9902908
9902909
9902910
9902911
9902912
9902913
9902914
9902915
9902916
9902917
9902918
9902919
9902920
9902921
9902922
9902923
9902924
9902925
9902926
9902927
9902928
9902929
9902930
9902931
9902932
9902933
9902934
9902935
9902936
9902937
9902938
9902939
9902940
9902941
9902942
9902943
9902944
9902945
9902946
9902947
9902948
9902949
9902950
9902951
9902952
9902953
9902954
9902955
9902956
9902957
9902958
9902959
9902960
9902961
9902962
9902963
9902964
9902965
9902966
9902967
9902968
9902969
9902970
9902971
9902972
9902973
9902974
9902975
9902976
9902977
9902978
9902979
9902980
9902981
9902982
9902983
9902984
9902985
9902986
9902987
9902988
9902989
9902990
9902991
9902992
9902993
9902994
9902995
9902996
9902997
9902998
9902999
9903000
9903001
9903002
9903003
9903004
9903005
9903006
9903007
9903008
9903009
9903010
9903011
9903012
9903013
9903014
9903015
9903016
9903017
9903018
9903019
9903020
9903021
9903022
9903023
9903024
9903025
9903026
9903027
9903028
9903029
9903030
9903031
9903032
9903033
9903034
9903035
9903036
9903037
9903038
9903039
9903040
9903041
9903042
9903043
9903044
9903045
9903046
9903047
9903048
9903049
9903050
9903051
9903052
9903053
9903054
9903055
9903056
9903057
9903058
9903059
9903060
9903061
9903062
9903063
9903064
9903065
9903066
9903067
9903068
9903069
9903070
9903071
9903072
9903073
9903074
9903075
9903076
9903077
9903078
9903079
9903080
9903081
9903082
9903083
9903084
9903085
9903086
9903087
9903088
9903089
9903090
9903091
9903092
9903093
9903094
9903095
9903096
9903097
9903098
9903099
9903100
9903101
9903102
9903103
9903104
9903105
9903106
9903107
9903108
9903109
9903110
9903111
9903112
9903113
9903114
9903115
9903116
9903117
9903118
9903119
9903120
9903121
9903122
9903123
9903124
9903125
9903126
9903127
9903128
9903129
9903130
9903131
9903132
9903133
9903134
9903135
9903136
9903137
9903138
9903139
9903140
9903141
9903142
9903143
9903144
9903145
9903146
9903147
9903148
9903149
9903150
9903151
9903152
9903153
9903154
9903155
9903156
9903157
9903158
9903159
9903160
9903161
9903162
9903163
9903164
9903165
9903166
9903167
9903168
9903169
9903170
9903171
9903172
9903173
9903174
9903175
9903176
9903177
9903178
9903179
9903180
9903181
9903182
9903183
9903184
9903185
9903186
9903187
9903188
9903189
9903190
9903191
9903192
9903193
9903194
9903195
9903196
9903197
9903198
9903199
9903200
9903201
9903202
9903203
9903204
9903205
9903206
9903207
9903208
9903209
9903210
9903211
9903212
9903213
9903214
9903215
9903216
9903217
9903218
9903219
9903220
9903221
9903222
9903223
9903224
9903225
9903226
9903227
9903228
9903229
9903230
9903231
9903232
9903233
9903234
9903235
9903236
9903237
9903238
9903239
9903240
9903241
9903242
9903243
9903244
9903245
9903246
9903247
9903248
9903249
9903250
9903251
9903252
9903253
9903254
9903255
9903256
9903257
9903258
9903259
9903260
9903261
9903262
9903263
9903264
9903265
9903266
9903267
9903268
9903269
9903270
9903271
9903272
9903273
9903274
9903275
9903276
9903277
9903278
9903279
9903280
9903281
9903282
9903283
9903284
9903285
9903286
9903287
9903288
9903289
9903290
9903291
9903292
9903293
9903294
9903295
9903296
9903297
9903298
9903299
9903300
9903301
9903302
9903303
9903304
9903305
9903306
9903307
9903308
9903309
9903310
9903311
9903312
9903313
9903314
9903315
9903316
9903317
9903318
9903319
9903320
9903321
9903322
9903323
9903324
9903325
9903326
9903327
9903328
9903329
9903330
9903331
9903332
9903333
9903334
9903335
9903336
9903337
9903338
9903339
9903340
9903341
9903342
9903343
9903344
9903345
9903346
9903347
9903348
9903349
9903350
9903351
9903352
9903353
9903354
9903355
9903356
9903357
9903358
9903359
9903360
9903361
9903362
9903363
9903364
9903365
9903366
9903367
9903368
9903369
9903370
9903371
9903372
9903373
9903374
9903375
9903376
9903377
9903378
9903379
9903380
9903381
9903382
9903383
9903384
9903385
9903386
9903387
9903388
9903389
9903390
9903391
9903392
9903393
9903394
9903395
9903396
9903397
9903398
9903399
9903400
9903401
9903402
9903403
9903404
9903405
9903406
9903407
9903408
9903409
9903410
9903411
9903412
9903413
9903414
9903415
9903416
9903417
9903418
9903419
9903420
9903421
9903422
9903423
9903424
9903425
9903426
9903427
9903428
9903429
9903430
9903431
9903432
9903433
9903434
9903435
9903436
9903437
9903438
9903439
9903440
9903441
9903442
9903443
9903444
9903445
9903446
9903447
9903448
9903449
9903450
9903451
9903452
9903453
9903454
9903455
9903456
9903457
9903458
9903459
9903460
9903461
9903462
9903463
9903464
9903465
9903466
9903467
9903468
9903469
9903470
9903471
9903472
9903473
9903474
9903475
9903476
9903477
9903478
9903479
9903480
9903481
9903482
9903483
9903484
9903485
9903486
9903487
9903488
9903489
9903490
9903491
9903492
9903493
9903494
9903495
9903496
9903497
9903498
9903499
9903500
9903501
9903502
9903503
9903504
9903505
9903506
9903507
9903508
9903509
9903510
9903511
9903512
9903513
9903514
9903515
9903516
9903517
9903518
9903519
9903520
9903521
9903522
9903523
9903524
9903525
9903526
9903527
9903528
9903529
9903530
9903531
9903532
9903533
9903534
9903535
9903536
9903537
9903538
9903539
9903540
9903541
9903542
9903543
9903544
9903545
9903546
9903547
9903548
9903549
9903550
9903551
9903552
9903553
9903554
9903555
9903556
9903557
9903558
9903559
9903560
9903561
9903562
9903563
9903564
9903565
9903566
9903567
9903568
9903569
9903570
9903571
9903572
9903573
9903574
9903575
9903576
9903577
9903578
9903579
9903580
9903581
9903582
9903583
9903584
9903585
9903586
9903587
9903588
9903589
9903590
9903591
9903592
9903593
9903594
9903595
9903596
9903597
9903598
9903599
9903600
9903601
9903602
9903603
9903604
9903605
9903606
9903607
9903608
9903609
9903610
9903611
9903612
9903613
9903614
9903615
9903616
9903617
9903618
9903619
9903620
9903621
9903622
9903623
9903624
9903625
9903626
9903627
9903628
9903629
9903630
9903631
9903632
9903633
9903634
9903635
9903636
9903637
9903638
9903639
9903640
9903641
9903642
9903643
9903644
9903645
9903646
9903647
9903648
9903649
9903650
9903651
9903652
9903653
9903654
9903655
9903656
9903657
9903658
9903659
9903660
9903661
9903662
9903663
9903664
9903665
9903666
9903667
9903668
9903669
9903670
9903671
9903672
9903673
9903674
9903675
9903676
9903677
9903678
9903679
9903680
9903681
9903682
9903683
9903684
9903685
9903686
9903687
9903688
9903689
9903690
9903691
9903692
9903693
9903694
9903695
9903696
9903697
9903698
9903699
9903700
9903701
9903702
9903703
9903704
9903705
9903706
9903707
9903708
9903709
9903710
9903711
9903712
9903713
9903714
9903715
9903716
9903717
9903718
9903719
9903720
9903721
9903722
9903723
9903724
9903725
9903726
9903727
9903728
9903729
9903730
9903731
9903732
9903733
9903734
9903735
9903736
9903737
9903738
9903739
9903740
9903741
9903742
9903743
9903744
9903745
9903746
9903747
9903748
9903749
9903750
9903751
9903752
9903753
9903754
9903755
9903756
9903757
9903758
9903759
9903760
9903761
9903762
9903763
9903764
9903765
9903766
9903767
9903768
9903769
9903770
9903771
9903772
9903773
9903774
9903775
9903776
9903777
9903778
9903779
9903780
9903781
9903782
9903783
9903784
9903785
9903786
9903787
9903788
9903789
9903790
9903791
9903792
9903793
9903794
9903795
9903796
9903797
9903798
9903799
9903800
9903801
9903802
9903803
9903804
9903805
9903806
9903807
9903808
9903809
9903810
9903811
9903812
9903813
9903814
9903815
9903816
9903817
9903818
9903819
9903820
9903821
9903822
9903823
9903824
9903825
9903826
9903827
9903828
9903829
9903830
9903831
9903832
9903833
9903834
9903835
9903836
9903837
9903838
9903839
9903840
9903841
9903842
9903843
9903844
9903845
9903846
9903847
9903848
9903849
9903850
9903851
9903852
9903853
9903854
9903855
9903856
9903857
9903858
9903859
9903860
9903861
9903862
9903863
9903864
9903865
9903866
9903867
9903868
9903869
9903870
9903871
9903872
9903873
9903874
9903875
9903876
9903877
9903878
9903879
9903880
9903881
9903882
9903883
9903884
9903885
9903886
9903887
9903888
9903889
9903890
9903891
9903892
9903893
9903894
9903895
9903896
9903897
9903898
9903899
9903900
9903901
9903902
9903903
9903904
9903905
9903906
9903907
9903908
9903909
9903910
9903911
9903912
9903913
9903914
9903915
9903916
9903917
9903918
9903919
9903920
9903921
9903922
9903923
9903924
9903925
9903926
9903927
9903928
9903929
9903930
9903931
9903932
9903933
9903934
9903935
9903936
9903937
9903938
9903939
9903940
9903941
9903942
9903943
9903944
9903945
9903946
9903947
9903948
9903949
9903950
9903951
9903952
9903953
9903954
9903955
9903956
9903957
9903958
9903959
9903960
9903961
9903962
9903963
9903964
9903965
9903966
9903967
9903968
9903969
9903970
9903971
9903972
9903973
9903974
9903975
9903976
9903977
9903978
9903979
9903980
9903981
9903982
9903983
9903984
9903985
9903986
9903987
9903988
9903989
9903990
9903991
9903992
9903993
9903994
9903995
9903996
9903997
9903998
9903999
9904000
9904001
9904002
9904003
9904004
9904005
9904006
9904007
9904008
9904009
9904010
9904011
9904012
9904013
9904014
9904015
9904016
9904017
9904018
9904019
9904020
9904021
9904022
9904023
9904024
9904025
9904026
9904027
9904028
9904029
9904030
9904031
9904032
9904033
9904034
9904035
9904036
9904037
9904038
9904039
9904040
9904041
9904042
9904043
9904044
9904045
9904046
9904047
9904048
9904049
9904050
9904051
9904052
9904053
9904054
9904055
9904056
9904057
9904058
9904059
9904060
9904061
9904062
9904063
9904064
9904065
9904066
9904067
9904068
9904069
9904070
9904071
9904072
9904073
9904074
9904075
9904076
9904077
9904078
9904079
9904080
9904081
9904082
9904083
9904084
9904085
9904086
9904087
9904088
9904089
9904090
9904091
9904092
9904093
9904094
9904095
9904096
9904097
9904098
9904099
9904100
9904101
9904102
9904103
9904104
9904105
9904106
9904107
9904108
9904109
9904110
9904111
9904112
9904113
9904114
9904115
9904116
9904117
9904118
9904119
9904120
9904121
9904122
9904123
9904124
9904125
9904126
9904127
9904128
9904129
9904130
9904131
9904132
9904133
9904134
9904135
9904136
9904137
9904138
9904139
9904140
9904141
9904142
9904143
9904144
9904145
9904146
9904147
9904148
9904149
9904150
9904151
9904152
9904153
9904154
9904155
9904156
9904157
9904158
9904159
9904160
9904161
9904162
9904163
9904164
9904165
9904166
9904167
9904168
9904169
9904170
9904171
9904172
9904173
9904174
9904175
9904176
9904177
9904178
9904179
9904180
9904181
9904182
9904183
9904184
9904185
9904186
9904187
9904188
9904189
9904190
9904191
9904192
9904193
9904194
9904195
9904196
9904197
9904198
9904199
9904200
9904201
9904202
9904203
9904204
9904205
9904206
9904207
9904208
9904209
9904210
9904211
9904212
9904213
9904214
9904215
9904216
9904217
9904218
9904219
9904220
9904221
9904222
9904223
9904224
9904225
9904226
9904227
9904228
9904229
9904230
9904231
9904232
9904233
9904234
9904235
9904236
9904237
9904238
9904239
9904240
9904241
9904242
9904243
9904244
9904245
9904246
9904247
9904248
9904249
9904250
9904251
9904252
9904253
9904254
9904255
9904256
9904257
9904258
9904259
9904260
9904261
9904262
9904263
9904264
9904265
9904266
9904267
9904268
9904269
9904270
9904271
9904272
9904273
9904274
9904275
9904276
9904277
9904278
9904279
9904280
9904281
9904282
9904283
9904284
9904285
9904286
9904287
9904288
9904289
9904290
9904291
9904292
9904293
9904294
9904295
9904296
9904297
9904298
9904299
9904300
9904301
9904302
9904303
9904304
9904305
9904306
9904307
9904308
9904309
9904310
9904311
9904312
9904313
9904314
9904315
9904316
9904317
9904318
9904319
9904320
9904321
9904322
9904323
9904324
9904325
9904326
9904327
9904328
9904329
9904330
9904331
9904332
9904333
9904334
9904335
9904336
9904337
9904338
9904339
9904340
9904341
9904342
9904343
9904344
9904345
9904346
9904347
9904348
9904349
9904350
9904351
9904352
9904353
9904354
9904355
9904356
9904357
9904358
9904359
9904360
9904361
9904362
9904363
9904364
9904365
9904366
9904367
9904368
9904369
9904370
9904371
9904372
9904373
9904374
9904375
9904376
9904377
9904378
9904379
9904380
9904381
9904382
9904383
9904384
9904385
9904386
9904387
9904388
9904389
9904390
9904391
9904392
9904393
9904394
9904395
9904396
9904397
9904398
9904399
9904400
9904401
9904402
9904403
9904404
9904405
9904406
9904407
9904408
9904409
9904410
9904411
9904412
9904413
9904414
9904415
9904416
9904417
9904418
9904419
9904420
9904421
9904422
9904423
9904424
9904425
9904426
9904427
9904428
9904429
9904430
9904431
9904432
9904433
9904434
9904435
9904436
9904437
9904438
9904439
9904440
9904441
9904442
9904443
9904444
9904445
9904446
9904447
9904448
9904449
9904450
9904451
9904452
9904453
9904454
9904455
9904456
9904457
9904458
9904459
9904460
9904461
9904462
9904463
9904464
9904465
9904466
9904467
9904468
9904469
9904470
9904471
9904472
9904473
9904474
9904475
9904476
9904477
9904478
9904479
9904480
9904481
9904482
9904483
9904484
9904485
9904486
9904487
9904488
9904489
9904490
9904491
9904492
9904493
9904494
9904495
9904496
9904497
9904498
9904499
9904500
9904501
9904502
9904503
9904504
9904505
9904506
9904507
9904508
9904509
9904510
9904511
9904512
9904513
9904514
9904515
9904516
9904517
9904518
9904519
9904520
9904521
9904522
9904523
9904524
9904525
9904526
9904527
9904528
9904529
9904530
9904531
9904532
9904533
9904534
9904535
9904536
9904537
9904538
9904539
9904540
9904541
9904542
9904543
9904544
9904545
9904546
9904547
9904548
9904549
9904550
9904551
9904552
9904553
9904554
9904555
9904556
9904557
9904558
9904559
9904560
9904561
9904562
9904563
9904564
9904565
9904566
9904567
9904568
9904569
9904570
9904571
9904572
9904573
9904574
9904575
9904576
9904577
9904578
9904579
9904580
9904581
9904582
9904583
9904584
9904585
9904586
9904587
9904588
9904589
9904590
9904591
9904592
9904593
9904594
9904595
9904596
9904597
9904598
9904599
9904600
9904601
9904602
9904603
9904604
9904605
9904606
9904607
9904608
9904609
9904610
9904611
9904612
9904613
9904614
9904615
9904616
9904617
9904618
9904619
9904620
9904621
9904622
9904623
9904624
9904625
9904626
9904627
9904628
9904629
9904630
9904631
9904632
9904633
9904634
9904635
9904636
9904637
9904638
9904639
9904640
9904641
9904642
9904643
9904644
9904645
9904646
9904647
9904648
9904649
9904650
9904651
9904652
9904653
9904654
9904655
9904656
9904657
9904658
9904659
9904660
9904661
9904662
9904663
9904664
9904665
9904666
9904667
9904668
9904669
9904670
9904671
9904672
9904673
9904674
9904675
9904676
9904677
9904678
9904679
9904680
9904681
9904682
9904683
9904684
9904685
9904686
9904687
9904688
9904689
9904690
9904691
9904692
9904693
9904694
9904695
9904696
9904697
9904698
9904699
9904700
9904701
9904702
9904703
9904704
9904705
9904706
9904707
9904708
9904709
9904710
9904711
9904712
9904713
9904714
9904715
9904716
9904717
9904718
9904719
9904720
9904721
9904722
9904723
9904724
9904725
9904726
9904727
9904728
9904729
9904730
9904731
9904732
9904733
9904734
9904735
9904736
9904737
9904738
9904739
9904740
9904741
9904742
9904743
9904744
9904745
9904746
9904747
9904748
9904749
9904750
9904751
9904752
9904753
9904754
9904755
9904756
9904757
9904758
9904759
9904760
9904761
9904762
9904763
9904764
9904765
9904766
9904767
9904768
9904769
9904770
9904771
9904772
9904773
9904774
9904775
9904776
9904777
9904778
9904779
9904780
9904781
9904782
9904783
9904784
9904785
9904786
9904787
9904788
9904789
9904790
9904791
9904792
9904793
9904794
9904795
9904796
9904797
9904798
9904799
9904800
9904801
9904802
9904803
9904804
9904805
9904806
9904807
9904808
9904809
9904810
9904811
9904812
9904813
9904814
9904815
9904816
9904817
9904818
9904819
9904820
9904821
9904822
9904823
9904824
9904825
9904826
9904827
9904828
9904829
9904830
9904831
9904832
9904833
9904834
9904835
9904836
9904837
9904838
9904839
9904840
9904841
9904842
9904843
9904844
9904845
9904846
9904847
9904848
9904849
9904850
9904851
9904852
9904853
9904854
9904855
9904856
9904857
9904858
9904859
9904860
9904861
9904862
9904863
9904864
9904865
9904866
9904867
9904868
9904869
9904870
9904871
9904872
9904873
9904874
9904875
9904876
9904877
9904878
9904879
9904880
9904881
9904882
9904883
9904884
9904885
9904886
9904887
9904888
9904889
9904890
9904891
9904892
9904893
9904894
9904895
9904896
9904897
9904898
9904899
9904900
9904901
9904902
9904903
9904904
9904905
9904906
9904907
9904908
9904909
9904910
9904911
9904912
9904913
9904914
9904915
9904916
9904917
9904918
9904919
9904920
9904921
9904922
9904923
9904924
9904925
9904926
9904927
9904928
9904929
9904930
9904931
9904932
9904933
9904934
9904935
9904936
9904937
9904938
9904939
9904940
9904941
9904942
9904943
9904944
9904945
9904946
9904947
9904948
9904949
9904950
9904951
9904952
9904953
9904954
9904955
9904956
9904957
9904958
9904959
9904960
9904961
9904962
9904963
9904964
9904965
9904966
9904967
9904968
9904969
9904970
9904971
9904972
9904973
9904974
9904975
9904976
9904977
9904978
9904979
9904980
9904981
9904982
9904983
9904984
9904985
9904986
9904987
9904988
9904989
9904990
9904991
9904992
9904993
9904994
9904995
9904996
9904997
9904998
9904999
9905000
9905001
9905002
9905003
9905004
9905005
9905006
9905007
9905008
9905009
9905010
9905011
9905012
9905013
9905014
9905015
9905016
9905017
9905018
9905019
9905020
9905021
9905022
9905023
9905024
9905025
9905026
9905027
9905028
9905029
9905030
9905031
9905032
9905033
9905034
9905035
9905036
9905037
9905038
9905039
9905040
9905041
9905042
9905043
9905044
9905045
9905046
9905047
9905048
9905049
9905050
9905051
9905052
9905053
9905054
9905055
9905056
9905057
9905058
9905059
9905060
9905061
9905062
9905063
9905064
9905065
9905066
9905067
9905068
9905069
9905070
9905071
9905072
9905073
9905074
9905075
9905076
9905077
9905078
9905079
9905080
9905081
9905082
9905083
9905084
9905085
9905086
9905087
9905088
9905089
9905090
9905091
9905092
9905093
9905094
9905095
9905096
9905097
9905098
9905099
9905100
9905101
9905102
9905103
9905104
9905105
9905106
9905107
9905108
9905109
9905110
9905111
9905112
9905113
9905114
9905115
9905116
9905117
9905118
9905119
9905120
9905121
9905122
9905123
9905124
9905125
9905126
9905127
9905128
9905129
9905130
9905131
9905132
9905133
9905134
9905135
9905136
9905137
9905138
9905139
9905140
9905141
9905142
9905143
9905144
9905145
9905146
9905147
9905148
9905149
9905150
9905151
9905152
9905153
9905154
9905155
9905156
9905157
9905158
9905159
9905160
9905161
9905162
9905163
9905164
9905165
9905166
9905167
9905168
9905169
9905170
9905171
9905172
9905173
9905174
9905175
9905176
9905177
9905178
9905179
9905180
9905181
9905182
9905183
9905184
9905185
9905186
9905187
9905188
9905189
9905190
9905191
9905192
9905193
9905194
9905195
9905196
9905197
9905198
9905199
9905200
9905201
9905202
9905203
9905204
9905205
9905206
9905207
9905208
9905209
9905210
9905211
9905212
9905213
9905214
9905215
9905216
9905217
9905218
9905219
9905220
9905221
9905222
9905223
9905224
9905225
9905226
9905227
9905228
9905229
9905230
9905231
9905232
9905233
9905234
9905235
9905236
9905237
9905238
9905239
9905240
9905241
9905242
9905243
9905244
9905245
9905246
9905247
9905248
9905249
9905250
9905251
9905252
9905253
9905254
9905255
9905256
9905257
9905258
9905259
9905260
9905261
9905262
9905263
9905264
9905265
9905266
9905267
9905268
9905269
9905270
9905271
9905272
9905273
9905274
9905275
9905276
9905277
9905278
9905279
9905280
9905281
9905282
9905283
9905284
9905285
9905286
9905287
9905288
9905289
9905290
9905291
9905292
9905293
9905294
9905295
9905296
9905297
9905298
9905299
9905300
9905301
9905302
9905303
9905304
9905305
9905306
9905307
9905308
9905309
9905310
9905311
9905312
9905313
9905314
9905315
9905316
9905317
9905318
9905319
9905320
9905321
9905322
9905323
9905324
9905325
9905326
9905327
9905328
9905329
9905330
9905331
9905332
9905333
9905334
9905335
9905336
9905337
9905338
9905339
9905340
9905341
9905342
9905343
9905344
9905345
9905346
9905347
9905348
9905349
9905350
9905351
9905352
9905353
9905354
9905355
9905356
9905357
9905358
9905359
9905360
9905361
9905362
9905363
9905364
9905365
9905366
9905367
9905368
9905369
9905370
9905371
9905372
9905373
9905374
9905375
9905376
9905377
9905378
9905379
9905380
9905381
9905382
9905383
9905384
9905385
9905386
9905387
9905388
9905389
9905390
9905391
9905392
9905393
9905394
9905395
9905396
9905397
9905398
9905399
9905400
9905401
9905402
9905403
9905404
9905405
9905406
9905407
9905408
9905409
9905410
9905411
9905412
9905413
9905414
9905415
9905416
9905417
9905418
9905419
9905420
9905421
9905422
9905423
9905424
9905425
9905426
9905427
9905428
9905429
9905430
9905431
9905432
9905433
9905434
9905435
9905436
9905437
9905438
9905439
9905440
9905441
9905442
9905443
9905444
9905445
9905446
9905447
9905448
9905449
9905450
9905451
9905452
9905453
9905454
9905455
9905456
9905457
9905458
9905459
9905460
9905461
9905462
9905463
9905464
9905465
9905466
9905467
9905468
9905469
9905470
9905471
9905472
9905473
9905474
9905475
9905476
9905477
9905478
9905479
9905480
9905481
9905482
9905483
9905484
9905485
9905486
9905487
9905488
9905489
9905490
9905491
9905492
9905493
9905494
9905495
9905496
9905497
9905498
9905499
9905500
9905501
9905502
9905503
9905504
9905505
9905506
9905507
9905508
9905509
9905510
9905511
9905512
9905513
9905514
9905515
9905516
9905517
9905518
9905519
9905520
9905521
9905522
9905523
9905524
9905525
9905526
9905527
9905528
9905529
9905530
9905531
9905532
9905533
9905534
9905535
9905536
9905537
9905538
9905539
9905540
9905541
9905542
9905543
9905544
9905545
9905546
9905547
9905548
9905549
9905550
9905551
9905552
9905553
9905554
9905555
9905556
9905557
9905558
9905559
9905560
9905561
9905562
9905563
9905564
9905565
9905566
9905567
9905568
9905569
9905570
9905571
9905572
9905573
9905574
9905575
9905576
9905577
9905578
9905579
9905580
9905581
9905582
9905583
9905584
9905585
9905586
9905587
9905588
9905589
9905590
9905591
9905592
9905593
9905594
9905595
9905596
9905597
9905598
9905599
9905600
9905601
9905602
9905603
9905604
9905605
9905606
9905607
9905608
9905609
9905610
9905611
9905612
9905613
9905614
9905615
9905616
9905617
9905618
9905619
9905620
9905621
9905622
9905623
9905624
9905625
9905626
9905627
9905628
9905629
9905630
9905631
9905632
9905633
9905634
9905635
9905636
9905637
9905638
9905639
9905640
9905641
9905642
9905643
9905644
9905645
9905646
9905647
9905648
9905649
9905650
9905651
9905652
9905653
9905654
9905655
9905656
9905657
9905658
9905659
9905660
9905661
9905662
9905663
9905664
9905665
9905666
9905667
9905668
9905669
9905670
9905671
9905672
9905673
9905674
9905675
9905676
9905677
9905678
9905679
9905680
9905681
9905682
9905683
9905684
9905685
9905686
9905687
9905688
9905689
9905690
9905691
9905692
9905693
9905694
9905695
9905696
9905697
9905698
9905699
9905700
9905701
9905702
9905703
9905704
9905705
9905706
9905707
9905708
9905709
9905710
9905711
9905712
9905713
9905714
9905715
9905716
9905717
9905718
9905719
9905720
9905721
9905722
9905723
9905724
9905725
9905726
9905727
9905728
9905729
9905730
9905731
9905732
9905733
9905734
9905735
9905736
9905737
9905738
9905739
9905740
9905741
9905742
9905743
9905744
9905745
9905746
9905747
9905748
9905749
9905750
9905751
9905752
9905753
9905754
9905755
9905756
9905757
9905758
9905759
9905760
9905761
9905762
9905763
9905764
9905765
9905766
9905767
9905768
9905769
9905770
9905771
9905772
9905773
9905774
9905775
9905776
9905777
9905778
9905779
9905780
9905781
9905782
9905783
9905784
9905785
9905786
9905787
9905788
9905789
9905790
9905791
9905792
9905793
9905794
9905795
9905796
9905797
9905798
9905799
9905800
9905801
9905802
9905803
9905804
9905805
9905806
9905807
9905808
9905809
9905810
9905811
9905812
9905813
9905814
9905815
9905816
9905817
9905818
9905819
9905820
9905821
9905822
9905823
9905824
9905825
9905826
9905827
9905828
9905829
9905830
9905831
9905832
9905833
9905834
9905835
9905836
9905837
9905838
9905839
9905840
9905841
9905842
9905843
9905844
9905845
9905846
9905847
9905848
9905849
9905850
9905851
9905852
9905853
9905854
9905855
9905856
9905857
9905858
9905859
9905860
9905861
9905862
9905863
9905864
9905865
9905866
9905867
9905868
9905869
9905870
9905871
9905872
9905873
9905874
9905875
9905876
9905877
9905878
9905879
9905880
9905881
9905882
9905883
9905884
9905885
9905886
9905887
9905888
9905889
9905890
9905891
9905892
9905893
9905894
9905895
9905896
9905897
9905898
9905899
9905900
9905901
9905902
9905903
9905904
9905905
9905906
9905907
9905908
9905909
9905910
9905911
9905912
9905913
9905914
9905915
9905916
9905917
9905918
9905919
9905920
9905921
9905922
9905923
9905924
9905925
9905926
9905927
9905928
9905929
9905930
9905931
9905932
9905933
9905934
9905935
9905936
9905937
9905938
9905939
9905940
9905941
9905942
9905943
9905944
9905945
9905946
9905947
9905948
9905949
9905950
9905951
9905952
9905953
9905954
9905955
9905956
9905957
9905958
9905959
9905960
9905961
9905962
9905963
9905964
9905965
9905966
9905967
9905968
9905969
9905970
9905971
9905972
9905973
9905974
9905975
9905976
9905977
9905978
9905979
9905980
9905981
9905982
9905983
9905984
9905985
9905986
9905987
9905988
9905989
9905990
9905991
9905992
9905993
9905994
9905995
9905996
9905997
9905998
9905999
9906000
9906001
9906002
9906003
9906004
9906005
9906006
9906007
9906008
9906009
9906010
9906011
9906012
9906013
9906014
9906015
9906016
9906017
9906018
9906019
9906020
9906021
9906022
9906023
9906024
9906025
9906026
9906027
9906028
9906029
9906030
9906031
9906032
9906033
9906034
9906035
9906036
9906037
9906038
9906039
9906040
9906041
9906042
9906043
9906044
9906045
9906046
9906047
9906048
9906049
9906050
9906051
9906052
9906053
9906054
9906055
9906056
9906057
9906058
9906059
9906060
9906061
9906062
9906063
9906064
9906065
9906066
9906067
9906068
9906069
9906070
9906071
9906072
9906073
9906074
9906075
9906076
9906077
9906078
9906079
9906080
9906081
9906082
9906083
9906084
9906085
9906086
9906087
9906088
9906089
9906090
9906091
9906092
9906093
9906094
9906095
9906096
9906097
9906098
9906099
9906100
9906101
9906102
9906103
9906104
9906105
9906106
9906107
9906108
9906109
9906110
9906111
9906112
9906113
9906114
9906115
9906116
9906117
9906118
9906119
9906120
9906121
9906122
9906123
9906124
9906125
9906126
9906127
9906128
9906129
9906130
9906131
9906132
9906133
9906134
9906135
9906136
9906137
9906138
9906139
9906140
9906141
9906142
9906143
9906144
9906145
9906146
9906147
9906148
9906149
9906150
9906151
9906152
9906153
9906154
9906155
9906156
9906157
9906158
9906159
9906160
9906161
9906162
9906163
9906164
9906165
9906166
9906167
9906168
9906169
9906170
9906171
9906172
9906173
9906174
9906175
9906176
9906177
9906178
9906179
9906180
9906181
9906182
9906183
9906184
9906185
9906186
9906187
9906188
9906189
9906190
9906191
9906192
9906193
9906194
9906195
9906196
9906197
9906198
9906199
9906200
9906201
9906202
9906203
9906204
9906205
9906206
9906207
9906208
9906209
9906210
9906211
9906212
9906213
9906214
9906215
9906216
9906217
9906218
9906219
9906220
9906221
9906222
9906223
9906224
9906225
9906226
9906227
9906228
9906229
9906230
9906231
9906232
9906233
9906234
9906235
9906236
9906237
9906238
9906239
9906240
9906241
9906242
9906243
9906244
9906245
9906246
9906247
9906248
9906249
9906250
9906251
9906252
9906253
9906254
9906255
9906256
9906257
9906258
9906259
9906260
9906261
9906262
9906263
9906264
9906265
9906266
9906267
9906268
9906269
9906270
9906271
9906272
9906273
9906274
9906275
9906276
9906277
9906278
9906279
9906280
9906281
9906282
9906283
9906284
9906285
9906286
9906287
9906288
9906289
9906290
9906291
9906292
9906293
9906294
9906295
9906296
9906297
9906298
9906299
9906300
9906301
9906302
9906303
9906304
9906305
9906306
9906307
9906308
9906309
9906310
9906311
9906312
9906313
9906314
9906315
9906316
9906317
9906318
9906319
9906320
9906321
9906322
9906323
9906324
9906325
9906326
9906327
9906328
9906329
9906330
9906331
9906332
9906333
9906334
9906335
9906336
9906337
9906338
9906339
9906340
9906341
9906342
9906343
9906344
9906345
9906346
9906347
9906348
9906349
9906350
9906351
9906352
9906353
9906354
9906355
9906356
9906357
9906358
9906359
9906360
9906361
9906362
9906363
9906364
9906365
9906366
9906367
9906368
9906369
9906370
9906371
9906372
9906373
9906374
9906375
9906376
9906377
9906378
9906379
9906380
9906381
9906382
9906383
9906384
9906385
9906386
9906387
9906388
9906389
9906390
9906391
9906392
9906393
9906394
9906395
9906396
9906397
9906398
9906399
9906400
9906401
9906402
9906403
9906404
9906405
9906406
9906407
9906408
9906409
9906410
9906411
9906412
9906413
9906414
9906415
9906416
9906417
9906418
9906419
9906420
9906421
9906422
9906423
9906424
9906425
9906426
9906427
9906428
9906429
9906430
9906431
9906432
9906433
9906434
9906435
9906436
9906437
9906438
9906439
9906440
9906441
9906442
9906443
9906444
9906445
9906446
9906447
9906448
9906449
9906450
9906451
9906452
9906453
9906454
9906455
9906456
9906457
9906458
9906459
9906460
9906461
9906462
9906463
9906464
9906465
9906466
9906467
9906468
9906469
9906470
9906471
9906472
9906473
9906474
9906475
9906476
9906477
9906478
9906479
9906480
9906481
9906482
9906483
9906484
9906485
9906486
9906487
9906488
9906489
9906490
9906491
9906492
9906493
9906494
9906495
9906496
9906497
9906498
9906499
9906500
9906501
9906502
9906503
9906504
9906505
9906506
9906507
9906508
9906509
9906510
9906511
9906512
9906513
9906514
9906515
9906516
9906517
9906518
9906519
9906520
9906521
9906522
9906523
9906524
9906525
9906526
9906527
9906528
9906529
9906530
9906531
9906532
9906533
9906534
9906535
9906536
9906537
9906538
9906539
9906540
9906541
9906542
9906543
9906544
9906545
9906546
9906547
9906548
9906549
9906550
9906551
9906552
9906553
9906554
9906555
9906556
9906557
9906558
9906559
9906560
9906561
9906562
9906563
9906564
9906565
9906566
9906567
9906568
9906569
9906570
9906571
9906572
9906573
9906574
9906575
9906576
9906577
9906578
9906579
9906580
9906581
9906582
9906583
9906584
9906585
9906586
9906587
9906588
9906589
9906590
9906591
9906592
9906593
9906594
9906595
9906596
9906597
9906598
9906599
9977777
9999999
2104
9330090
9310060
9330078
9300015
9310082
9310085
9209103
9310084
9310100
9990002
9990003
9990010
9990004
9990005
1011101
1012120
1013106
1013204
1013205
1013206
1013207
1043002
1043003
1052126
1055000
1055001
1055002
1056000
1057000
1057001
1057002
1057003
1057004
1057006
2001006
2001007
2001008
2022005
2022006
2022007
2022008
2080007
2085000
2085001
2085002
2085003
2092101
2160000
2160001
2161000
2161001
2161002
2161003
2161004
2161005
2161006
2161007
2161008
2161009
2161010
2161011
2161012
2161013
2161014
2162000
9000071
9000072
9000073
9000074
9000075
9000076
9000077
9000078
9000079
9000080
9000081
9000082
9000083
9000095
9000096
9000174
9010023
9010024
9030200
9030201
9031000
9031001
9031002
9031003
9031004
9031005
9031006
9031007
9031008
9031010
9031011
9031012
9031014
9031015
9031016
9105006
9110017
9110101
9110102
9110103
9110104
9110105
9110106
9110107
9110108
9110109
9110110
9110111
9110112
9110113
9110114
9110200
9110201
9110202
9110203
9110204
9110205
9120025
9120026
9120027
9120028
9120029
9120030
9120031
9120032
9120033
9120034
9120035
9120036
9120037
9120038
9120039
9120040
9120041
9120042
9120046
9120047
9120048
9120049
9120050
9120051
9120052
9120053
9201146
9209102
9220003
9220011
9220014
9250002
9250015
9250030
9250032
9250033
9250034
9250035
9250036
9250037
9250038
9250039
9250040
9250041
9250047
9250048
9250049
9250050
9270044
9270045
9270048
9270049
9270050
9270051
9270052
9270053
9310045
9310059
9310061
9310062
9310063
9310064
9310065
9310066
9310067
9310068
9310069
9310070
9310071
9310072
9310073
9310074
9310075
9310076
9310077
9310078
9310079
9310080
9310081
9310086
9310087
9310088
9310089
9310090
9310091
9310092
9310093
9310094
9310095
9310096
9310097
9330033
9330034
9330035
9330036
9330037
9330038
9330039
9330040
9330041
9330043
9330047
9330048
9330049
9330050
9330051
9330052
9330053
9330054
9330055
9330056
9330057
9330058
9330059
9330060
9330061
9330062
9330063
9330064
9330065
9330066
9330067
9330068
9330069
9330070
9330071
9330072
9330073
9330074
9330075
9330076
9330077
9330079
9330080
9330081
9330082
9330083
9330084
9330085
9330086
9330087
9330088
9330089
9330091
9330092
9330093
9330094
9330095
9330096
9330097
9330098
9330099
9330100
9330101
9330102
9330103
9330104
9330105
9330106
9330107
9330108
9330109
9330110
9330111
9330112
9330113
9330114
9330115
9330116
9330117
9330118
9330119
9330120
9330121
9330122
9330123
9340000
9340001
9340002
9340003
9900002
9900003
9900007
9999000
9999001
9999002
9999003
9999004
9999005
9999006
9999007
9999800
9990006
9990007
9990008
700
701
702
703
704
705
706
707
800015
9062501
9062502
9062503
9062504
9062505
9062506
9062507
9062508
9062509
9062510
9062511
9062512
9062513
9062514
9062515
9062516
9062517
2030016
2142000
2142001
2142002
2142003
2142004
2142005
2142006
2142007
2142008
2142009
2142010
2143000
2143001
2143003
2143004
2143002
1500010
1500000
1500001
1500002
1500003
1500004
1500005
1500006
1500007
1500008
1500009
1500028
1500011
1500012
1500013
1500014
1500015
1500016
1500017
1500018
1500019
1500020
1500021
1500022
1500023
1500024
1500025
1500026
1500027
1500029
1500030
1500031
1500032
1531053
1531054
2540005
2131008
2133005
2133006
2133007
1510000
1510001
1510002
1510003
1510004
1510005
1510006
1510007
1510008
1510009
1511000
1511001
1513000
1513001
1513002
1513003
1513004
1514002
1531051
1512000
1512001
1512002
1512003
1512004
1512005
1531045
1514000
1514001
1514003
1514004
1514005
1514006
1514007
1514008
1514009