4000000
4000001
4000002
4000003
4000004
4000005
4000006
4000007
4000008
4000009
4000010
4000011
4000012
4000013
4000014
4000015
4000016
4000017
4000018
4000019
4000020
4000021
4000022
4000023
4000024
4000025
4000026
4000027
4000028
4000029
4000030
4000031
4000032
4000033
4000034
4000035
4000036
4000037
4000038
4000039
4000040
4000041
4000042
4000043
4000044
4000045
4000046
4000047
4000048
4000049
4000050
4000051
4000052
4000053
4000054
4000055
4000056
4000057
4000058
4000059
4000060
4000061
4000062
4000063
4000064
4000065
4000066
4000067
4000068
4000069
4000070
4000071
4000072
4000073
4000074
4000075
4000076
4000077
4000078
4000079
4000080
4000081
4000082
4000083
4000084
4000085
4000086
4000087
4000088
4000089
4000090
4000091
4000092
4000093
4000094
4000095
4000096
4000097
4000098
4000099
4000100
4000101
4000102
4000103
4000104
4000105
4000106
4000107
4000108
4000109
4000110
4000111
4000112
4000113
4000114
4000115
4000116
4000117
4000118
4000119
4000120
4000121
4000122
4000123
4000124
4000125
4000126
4000127
4000128
4000129
4000130
4000131
4000132
4000133
4000134
4000135
4000136
4000137
4000138
4000139
4000140
4000141
4000142
4000143
4000144
4000145
4000146
4000147
4000148
4000149
4000150
4000151
4000152
4000153
4000154
4000155
4000156
4000157
4000158
4000159
4000160
4000161
4000162
4000163
4000164
4000165
4000166
4000167
4000168
4000169
4000170
4000171
4000172
4000173
4000174
4000175
4000176
4000177
4000178
4000179
4000180
4000181
4000182
4000183
4000184
4000185
4000186
4000187
4000188
4000189
4000190
4000191
4000192
4000193
4000194
4000195
4000196
4000197
4000198
4000199
4000200
4000201
4000202
4000204
4000205
4000206
4000207
4000208
4000209
4000210
4000211
4000212
4000213
4000214
4000215
4000216
4000217
4000218
4000219
4000220
4000221
4000222
4000223
4000224
4000225
4000226
4000227
4000228
4000229
4000230
4000231
4000232
4000233
4000234
4000235
4000236
4000237
4000238
4000239
4000240
4000241
4000242
4000243
4000244
4000245
4000246
4000247
4000248
4000249
4000250
4000251
4000252
4000253
4000254
4000255
4000256
4000257
4000258
4000259
4000260
4000261
4000262
4000263
4000264
4000265
4000266
4000267
4000268
4000269
4000270
4000271
4000272
4000273
4000274
4000276
4000277
4000278
4000279
4000280
4000281
4000282
4000283
4000284
4000285
4000286
4000287
4000288
4000289
4000290
4000291
4000292
4000293
4000294
4000295
4000296
4000297
4000298
4000299
4000300
4000301
4000313
4000324
4000325
4000326
4000327
4000328
4000329
4000330
4000331
4000332
4000333
4000334
4000335
4000336
4000350
4000351
4000352
4000353
4000354
4000355
4000356
4000357
4000358
4000359
4000360
4000361
4000362
4000363
4000364
4000365
4000366
4000367
4000368
4000369
4000370
4000371
4000372
4000373
4000374
4000375
4000376
4000377
4000378
4000379
4000380
4000381
4000382
4000383
4000384
4000385
4000391
4000399
4000400
4000411
4000412
4000413
4000414
4000415
4000416
4000417
4000418
4000419
4000421
4000422
4000423
4000424
4000425
4000436
4000437
4000438
4000439
4000440
4000443
4000444
4000445
4000446
4000447
4000448
4000449
4000450
4000451
4000452
4000453
4000454
4000455
4000456
4000457
4000458
4000459
4000460
4000461
4000462
4000465
4000466
4000467
4000468
4000469
4000470
4000471
4000472
4000473
4000474
4000475
4000476
4000477
4000478
4000482
4000483
4000484
4000485
4000486
4000487
4000488
4000489
4000492
4000493
4000494
4000495
4000496
4000497
4000499
4000500
4000501
4000502
4000503
4000504
4000505
4000506
4000507
4000508
4000509
4000510
4000511
4000512
4000513
4000514
4000515
4000517
4000518
4000519
4000520
4000521
4000522
4000523
4000524
4000525
4000526
4000527
4000528
4000529
4000530
4000532
4000534
4000536
4000537
4000538
4000539
4000540
4000541
4000542
4000543
4000544
4000545
4000546
4000547
4000548
4000549
4000550
4000551
4000552
4000553
4000554
4000555
4000556
4000557
4000558
4001000
4001001
4001002
4001003
4001004
4001005
4001006
4001007
4001008
4001009
4001010
4001011
4001012
4001013
4001014
4001015
4001016
4001017
4001018
4001019
4001020
4001021
4001022
4001023
4001024
4001025
4001026
4001027
4001028
4001029
4001030
4001031
4001032
4001033
4001034
4001035
4001036
4001037
4001038
4001039
4001040
4001041
4001042
4001043
4001044
4001045
4001046
4001047
4001048
4001049
4001050
4001051
4001052
4001053
4001054
4001055
4001056
4001057
4001058
4001059
4001060
4001061
4001062
4001063
4001064
4001065
4001066
4001067
4001068
4001069
4001070
4001071
4001072
4001073
4001074
4001075
4001076
4001077
4001078
4001079
4001080
4001081
4001082
4001083
4001084
4001085
4001086
4001087
4001088
4001089
4001090
4001091
4001092
4001093
4001094
4001095
4001096
4001097
4001098
4001099
4001100
4001101
4001102
4001103
4001104
4001105
4001106
4001107
4001108
4001109
4001110
4001111
4001112
4001113
4001114
4001115
4001116
4001117
4001118
4001119
4001120
4001121
4001122
4001123
4001124
4001125
4001126
4001127
4001128
4001129
4001130
4001131
4001132
4001133
4001134
4001135
4001136
4001141
4001142
4001143
4001144
4001145
4001146
4001147
4001148
4001149
4001151
4001152
4001153
4001154
4001155
4001156
4001157
4001158
4001159
4001160
4001161
4001162
4001163
4001164
4001165
4001166
4001167
4001168
4001169
4001170
4001171
4001172
4001173
4001174
4001175
4001176
4001177
4001178
4001179
4001180
4001181
4001182
4001183
4001184
4001185
4001186
4001187
4001188
4001189
4001190
4001191
4001192
4001193
4001197
4001198
4001199
4001201
4001202
4001203
4001204
4001205
4001207
4001213
4001214
4001215
4001216
4001217
4001218
4001219
4001231
4001232
4001233
4001234
4001235
4001237
4001238
4001239
4001240
4001241
4001242
4001245
4001246
4001247
4001249
4001250
4001254
4001255
4001256
4001257
4001258
4001259
4001260
4001261
4001263
4001264
4001268
4001269
4001270
4001271
4001272
4001300
4001301
4001302
4001303
4001304
4001305
4001306
4001307
4001308
4001309
4001310
4001311
4001316
4001317
4001318
4001320
4001321
4001322
4001323
4001324
4001325
4001326
4001327
4001328
4001329
4001330
4001331
4001332
4001333
4001334
4001339
4001340
4001341
4001342
4001343
4001344
4001345
4001346
4001347
4001348
4001349
4001350
4001351
4001352
4001353
4001354
4001355
4001356
4001357
4001358
4001359
4001360
4001361
4001362
4001363
4001364
4001365
4001366
4001367
4001368
4001369
4001370
4001371
4001372
4001373
4001393
4001394
4001428
4001429
4001434
4002000
4002001
4002002
4002003
4003000
4003001
4003002
4003003
4003004
4003005
4004000
4004001
4004002
4004003
4004004
4005000
4005001
4005002
4005003
4005004
4006000
4006001
4007000
4007001
4007002
4007003
4007004
4007005
4007006
4007007
4010000
4010001
4010002
4010003
4010004
4010005
4010006
4010007
4011000
4011001
4011002
4011003
4011004
4011005
4011006
4011007
4011008
4020000
4020001
4020002
4020003
4020004
4020005
4020006
4020007
4020008
4020009
4021000
4021001
4021002
4021003
4021004
4021005
4021006
4021007
4021008
4021009
4021010
4030000
4030001
4030002
4030003
4030004
4030005
4030006
4030007
4030008
4030009
4030010
4030011
4030012
4030013
4030014
4030015
4030016
4031000
4031001
4031002
4031003
4031004
4031005
4031006
4031007
4031008
4031009
4031010
4031011
4031012
4031013
4031014
4031015
4031016
4031017
4031018
4031019
4031020
4031021
4031022
4031023
4031024
4031025
4031026
4031027
4031028
4031029
4031030
4031031
4031032
4031033
4031034
4031035
4031036
4031037
4031038
4031039
4031040
4031041
4031042
4031043
4031044
4031045
4031046
4031047
4031048
4031049
4031050
4031051
4031052
4031053
4031054
4031055
4031056
4031057
4031058
4031059
4031060
4031061
4031062
4031063
4031064
4031065
4031066
4031067
4031068
4031069
4031070
4031071
4031072
4031073
4031074
4031075
4031076
4031077
4031078
4031079
4031080
4031081
4031082
4031083
4031084
4031085
4031086
4031087
4031088
4031089
4031090
4031091
4031092
4031093
4031094
4031095
4031096
4031097
4031098
4031099
4031100
4031101
4031102
4031103
4031104
4031105
4031106
4031107
4031108
4031109
4031110
4031111
4031112
4031113
4031114
4031115
4031116
4031117
4031118
4031119
4031120
4031121
4031122
4031123
4031124
4031125
4031126
4031127
4031128
4031129
4031130
4031131
4031132
4031133
4031134
4031135
4031136
4031137
4031138
4031139
4031140
4031141
4031142
4031143
4031144
4031145
4031146
4031147
4031148
4031149
4031150
4031151
4031152
4031153
4031154
4031155
4031156
4031157
4031158
4031159
4031160
4031161
4031162
4031163
4031164
4031165
4031166
4031167
4031168
4031169
4031170
4031171
4031172
4031173
4031174
4031175
4031176
4031177
4031178
4031179
4031180
4031181
4031182
4031183
4031184
4031185
4031186
4031187
4031188
4031189
4031190
4031191
4031192
4031193
4031194
4031195
4031196
4031197
4031198
4031199
4031200
4031201
4031202
4031203
4031204
4031205
4031206
4031207
4031208
4031209
4031210
4031211
4031212
4031213
4031214
4031215
4031216
4031217
4031218
4031219
4031220
4031221
4031222
4031223
4031224
4031225
4031226
4031227
4031229
4031230
4031231
4031232
4031233
4031234
4031235
4031236
4031237
4031238
4031239
4031240
4031241
4031242
4031243
4031244
4031245
4031246
4031247
4031248
4031249
4031251
4031252
4031253
4031254
4031255
4031256
4031257
4031258
4031259
4031260
4031261
4031262
4031263
4031264
4031265
4031266
4031267
4031268
4031269
4031270
4031271
4031272
4031273
4031274
4031275
4031276
4031277
4031278
4031279
4031280
4031281
4031282
4031283
4031284
4031285
4031286
4031288
4031289
4031290
4031291
4031292
4031293
4031295
4031296
4031297
4031298
4031299
4031300
4031301
4031302
4031303
4031304
4031305
4031306
4031307
4031308
4031309
4031310
4031311
4031312
4031315
4031316
4031317
4031318
4031319
4031320
4031321
4031322
4031323
4031324
4031325
4031330
4031331
4031332
4031333
4031334
4031335
4031336
4031337
4031338
4031339
4031340
4031341
4031342
4031343
4031344
4031345
4031346
4031347
4031348
4031352
4031353
4031354
4031355
4031356
4031357
4031358
4031359
4031360
4031361
4031362
4031363
4031364
4031367
4031368
4031369
4031370
4031371
4031372
4031373
4031374
4031375
4031376
4031377
4031382
4031383
4031384
4031385
4031386
4031387
4031388
4031391
4031392
4031395
4031400
4031401
4031405
4031406
4031407
4031408
4031409
4031410
4031411
4031412
4031413
4031414
4031415
4031416
4031417
4031418
4031419
4031420
4031421
4031423
4031424
4031425
4031426
4031427
4031428
4031429
4031430
4031431
4031432
4031433
4031435
4031436
4031437
4031438
4031439
4031440
4031441
4031442
4031443
4031444
4031445
4031446
4031447
4031448
4031449
4031450
4031451
4031452
4031453
4031454
4031455
4031456
4031457
4031458
4031459
4031460
4031461
4031462
4031463
4031464
4031465
4031466
4031467
4031468
4031469
4031470
4031471
4031472
4031473
4031474
4031475
4031476
4031477
4031478
4031479
4031480
4031481
4031482
4031483
4031484
4031485
4031486
4031487
4031488
4031495
4031496
4031497
4031504
4031505
4031506
4031507
4031508
4031509
4031510
4031511
4031512
4031513
4031514
4031515
4031516
4031517
4031518
4031519
4031520
4031521
4031523
4031524
4031525
4031526
4031527
4031528
4031529
4031530
4031531
4031542
4031543
4031544
4031545
4031551
4031552
4031553
4031554
4031555
4031556
4031557
4031558
4031559
4031560
4031561
4031563
4031564
4031565
4031566
4031567
4031568
4031569
4031570
4031571
4031572
4031573
4031574
4031575
4031576
4031577
4031578
4031579
4031580
4031581
4031582
4031583
4031584
4031585
4031586
4031587
4031588
4031589
4031590
4031591
4031592
4031593
4031594
4031595
4031596
4031597
4031606
4031607
4031608
4031610
4031611
4031612
4031613
4031614
4031615
4031616
4031617
4031619
4031620
4031621
4031622
4031623
4031624
4031625
4031658
4031659
4031660
4031661
4031662
4031663
4031664
4031665
4031666
4031667
4031668
4031669
4031674
4031675
4031676
4031677
4031678
4031679
4031680
4031681
4031682
4031683
4031684
4031685
4031686
4031687
4031688
4031689
4031690
4031691
4031692
4031693
4031694
4031695
4031696
4031697
4031698
4031699
4031700
4031701
4031702
4031703
4031704
4031705
4031706
4031707
4031708
4031709
4031710
4031711
4031712
4031713
4031731
4031732
4031733
4031734
4031737
4031738
4031739
4031740
4031741
4031743
4031744
4031745
4031750
4031751
4031752
4031753
4031754
4031755
4031756
4031757
4031758
4031759
4031760
4031761
4031762
4031763
4031764
4031765
4031766
4031767
4031768
4031769
4031770
4031771
4031772
4031773
4031774
4031775
4031776
4031777
4031778
4031779
4031780
4031781
4031782
4031783
4031784
4031785
4031788
4031789
4031790
4031791
4031792
4031793
4031794
4031796
4031797
4031798
4031799
4031800
4031801
4031802
4031805
4031806
4031811
4031812
4031815
4031816
4031817
4031818
4031819
4031820
4031821
4031822
4031823
4031824
4031825
4031826
4031827
4031828
4031829
4031830
4031831
4031832
4031833
4031834
4031835
4031836
4031837
4031838
4031839
4031840
4031841
4031842
4031843
4031844
4031845
4031846
4031847
4031848
4031849
4031850
4031851
4031852
4031853
4031854
4031855
4031856
4031857
4031858
4031859
4031860
4031861
4031862
4031863
4031864
4031865
4031866
4031868
4031869
4031870
4031871
4031872
4031873
4031874
4031875
4031876
4031877
4031878
4031879
4031880
4031881
4031882
4031883
4031884
4031885
4031886
4031887
4031890
4031891
4031892
4031893
4031894
4031895
4031896
4031897
4031898
4031899
4031900
4031901
4031902
4031903
4031904
4031905
4031906
4031907
4031908
4031909
4031910
4031911
4031912
4031913
4031914
4031915
4031916
4031917
4031918
4031919
4031920
4031921
4031922
4031923
4031924
4031925
4031926
4031927
4031928
4031933
4031934
4031935
4031936
4031937
4031938
4031939
4031940
4031945
4031963
4031964
4031965
4031966
4031967
4031968
4031969
4031970
4031971
4031972
4031973
4031974
4031975
4031976
4031977
4031978
4031979
4031980
4031988
4031991
4031992
4031993
4031999
4032000
4032001
4032002
4032003
4032004
4032005
4032006
4032007
4032008
4032009
4032010
4032011
4032012
4032013
4032014
4032015
4032016
4032017
4032018
4032021
4032022
4032023
4032024
4032025
4032026
4032027
4032028
4032029
4032030
4032031
4032032
4032035
4032036
4032037
4032038
4032039
4032040
4032041
4032042
4032043
4032044
4032055
4032056
4032057
4032058
4032059
4032060
4032061
4032062
4032063
4032066
4032083
4032084
4032085
4032086
4032087
4032088
4032091
4032092
4032093
4032094
4032095
4032096
4032097
4032098
4032099
4032100
4032101
4032102
4032103
4032104
4032105
4032115
4032116
4032117
4032118
4032119
4032120
4032121
4032122
4032123
4032124
4032125
4032126
4032127
4032128
4032129
4032130
4032131
4032132
4032133
4032134
4032135
4032136
4032137
4032138
4032139
4032140
4032141
4032142
4032143
4032144
4032145
4032146
4032147
4032148
4032149
4032176
4032178
4032179
4032185
4032186
4032187
4032190
4032196
4032197
4032198
4032199
4032200
4032206
4032208
4032233
4032234
4032235
4032236
4032237
4032238
4032239
4032246
4032247
4032248
4032250
4032262
4032263
4032264
4032265
4032266
4032267
4032268
4032269
4032270
4032271
4032272
4032273
4032275
4032276
4032277
4032278
4032279
4032280
4032281
4032282
4032283
4032284
4032285
4032286
4032287
4032288
4032298
4032299
4032300
4032301
4032302
4032303
4032304
4032306
4032307
4032308
4032309
4032310
4032311
4032312
4032313
4032314
4032315
4032316
4032317
4032318
4032319
4032320
4032321
4032322
4032323
4032324
4032325
4032326
4032327
4032328
4032329
4032330
4032331
4032332
4032333
4032334
4032335
4032338
4032339
4032340
4032341
4032342
4032343
4032348
4032349
4032350
4032366
4032367
4032368
4032369
4032370
4032371
4032372
4032373
4032374
4032375
4032376
4032377
4032378
4032379
4032386
4032387
4032388
4032389
4032390
4032399
4032400
4032401
4032402
4032404
4032405
4032418
4032419
4032420
4032421
4032422
4032423
4032424
4032430
4032431
4032432
4032433
4032434
4032435
4032436
4032437
4032438
4032439
4032440
4032441
4032442
4032443
4032444
4032445
4032446
4032447
4032448
4032449
4032450
4032451
4032452
4032453
4032454
4032455
4032456
4032457
4032458
4032459
4032460
4032461
4032462
4032463
4032464
4032465
4032466
4032467
4032468
4032469
4032470
4032471
4032472
4032473
4032474
4032475
4032476
4032477
4032478
4032479
4032480
4032481
4032482
4032483
4032484
4032485
4032486
4032487
4032488
4032489
4032490
4032491
4032492
4032493
4032494
4032495
4032496
4032497
4032498
4032502
4032503
4032504
4032505
4032506
4032507
4032508
4032509
4032510
4032511
4032512
4032513
4032514
4032515
4032516
4032517
4032518
4032519
4032520
4032521
4032522
4032523
4032524
4032525
4032576
4032577
4032578
4055000
4055001
4055004
4055005
4080000
4080001
4080002
4080003
4080004
4080005
4080006
4080007
4080008
4080009
4080010
4080011
4080100
4130000
4130001
4130002
4130003
4130004
4130005
4130006
4130007
4130008
4130009
4130010
4130011
4130012
4130013
4130014
4130015
4130016
4130017
4130018
4130019
4130020
4130021
4130022
4131000
4131001
4131002
4131003
4131004
4131005
4131006
4131007
4131008
4131009
4131010
4131011
4131012
4131013
4131014
4131015
4140000
4140100
4140101
4140102
4140103
4140200
4140201
4140300
4140301
4140302
4140900
4140901
4140902
4140903
4160000
4160001
4160002
4160003
4160004
4160005
4160006
4160007
4160008
4160009
4160010
4160011
4160012
4160013
4160014
4160015
4160016
4160017
4160019
4160020
4160022
4160023
4160024
4160026
4160027
4160028
4160029
4160031
4160032
4160033
4160034
4160035
4160036
4160037
4160039
4160040
4160041
4160044
4161000
4161001
4161002
4161003
4161004
4161005
4161006
4161007
4161008
4161009
4161010
4161011
4161012
4161013
4161014
4161015
4161016
4161017
4161018
4161019
4161020
4161021
4161022
4161023
4161024
4161025
4161026
4161027
4161028
4161029
4161030
4161031
4161032
4161033
4161034
4161035
4161036
4161037
4161038
4161039
4161040
4161041
4161042
4161043
4161044
4161045
4161046
4161047
4161048
4161049
4161050
4161051
4161999
4170000
4170001
4170002
4170003
4170004
4170005
4170006
4170007
4170009
4170012
4210000
4210001
4210002
4210003
4210004
4210005
4210006
4210007
4210008
4210009
4210010
4210011
4211000
4211001
4211002
4212000
4212001
4212002
4213000
4213001
4214000
4214001
4214002
4220000
4220001
4220002
4220003
4220004
4220005
4220006
4220007
4220008
4220009
4220010
4220011
4220012
4220013
4220014
4220015
4220016
4220017
4220018
4220019
4220020
4220021
4220022
4220023
4220045
4220046
4220067
4220074
4220089
4220090
4220091
4220092
4220093
4220094
4220095
4220096
4220097
4220098
4220099
4220100
4220101
4220102
4220103
4220104
4220105
4220106
4220107
4220108
4220109
4220110
4220111
4220112
4220113
4220114
4220115
4220116
4220117
4220118
4220119
4220120
4220121
4220122
4220123
4220124
4220125
4220126
4220127
4220128
4220129
4220130
4220131
4220132
4220133
4220134
4220135
4220136
4220137
4220138
4220139
4220145
4220146
4220147
4220148
4220149
4220150
4220151
4220152
4220153
4250000
4250001
4250002
4250100
4250101
4250102
4250200
4250201
4250202
4250300
4250301
4250302
4250400
4250401
4250402
4250500
4250501
4250502
4250600
4250601
4250602
4250700
4250701
4250702
4250800
4250801
4250802
4250900
4250901
4250902
4251000
4251001
4251002
4251100
4251101
4251102
4251200
4251201
4251202
4251300
4251301
4251302
4251400
4251401
4251402
4260000
4260001
4260002
4260003
4260004
4260005
4260006
4260007
4260008
4280000
4280001
4280002
4280003
4290000
4290001
4300000
4301000
4310000
4000393
4000394
4000395
4000396
4000397
4000398
4000401
4000402
4000403
4000404
4000405
4000406
4000407
4009995
4031942
4000430
4000429
4000433
4000432
4000431
4000434
4000302
4000303
4000304
4000305
4000306
4000307
4000308
4000309
4000310
4000311
4000312
4000314
4000315
4000316
4000317
4000318
4000319
4000320
4000321
4000322
4000323
4000337
4000338
4000339
4000340
4000341
4000342
4000343
4000344
4000345
4000346
4000347
4000348
4000349
4000390
4000435
4000463
4000559
4000560
4000561
4000562
4000563
4000564
4000565
4000625
4000626
4000627
4000628
4000629
4000630
4000631
4000642
4000643
4000644
4000645
4000646
4000647
4000648
4000649
4000650
4000651
4000652
4000653
4000654
4000655
4000656
4000657
4000658
4000674
4000676
4000677
4000678
4000826
4000827
4000828
4000829
4000830
4000831
4000832
4000833
4000834
4000835
4000836
4001137
4001243
4001337
4001433
4001684
4001685
4001686
4001687
4001688
4009996
4009997
4009998
4009999
4031294
4031393
4031394
4031490
4031491
4031492
4031493
4031494
4031532
4031533
4031540
4031541
4031598
4031599
4031600
4031601
4031602
4031603
4031604
4031605
4031609
4031626
4031627
4031628
4031629
4031630
4031631
4031632
4031633
4031634
4031635
4031636
4031637
4031638
4031639
4031640
4031641
4031642
4031643
4031644
4031645
4031646
4031647
4031648
4031649
4031650
4031651
4031653
4031654
4031655
4031656
4031714
4031715
4031716
4031717
4031718
4031719
4031720
4031721
4031722
4031723
4031724
4031725
4031726
4031728
4031742
4031807
4031808
4031809
4031810
4031943
4031944
4032150
4032151
4032152
4032153
4032154
4032155
4032156
4032157
4032158
4032159
4032160
4032161
4032162
4032163
4032164
4032165
4032166
4032167
4032168
4032169
4032170
4032171
4032180
4032181
4032192
4032218
4032602
4032603
4032604
4032605
4032831
4032832
4032833
4032834
4032835
4032836
4032837
4032838
4032839
4032840
4032858
4032859
4032860
4033174
4033175
4033176
4033177
4033178
4039021
4039022
4039057
4260009
4260010
4260011
4260020
4260021
4260022
4260023
4260024
4260025
4260026
4260027
4260028
4260029
4260030
4260031
4260032
4260033
4260034
4260035
4260036
4260037
4260038
4260039
4260040
4260041
4260042
4310001
4310002
4310009
4310010
4310059
4000900
4000901
4000902
4000903
4000904
4000905
4000906
4000907
4000908
4000909
4000910
4032900
4032901
4000659
4032941
4032925
4032926
4032927
4032928
4032921
4032922
4032923
4032930
4032940
4310143
4032924
4036624
4033824
4033825
4033826
4033827
4033828
4033829
4033830
4000673
4000675
4009169
4009170
4009171
4009172
4030032
4030033
4030034
4030035
4030036
4030037
4032355
4032356
4032357
4032358
4032359
4032360
4032361
4032362
4032363
4032365
4033107
4033108
4033109
4001832
4030022
4030023
4030024
4030025
4030026
4030027
4030028
4030029
4030030