3163
3164
3165
3166
3167
3168
3169
3170
3171
3172
3173
3174
3175
3176
3177
3178
3181
3182
3190
3191
3192
3193
3194
3198
3199
4401
4402
4403
4404
4405
4406
4407
4408
4409
4410
4411
4412
4413
4414
4415
4416
4417
4418
4419
4420
4421
4422
4423
4424
4426
4427
4428
4429
4430
4431
4432
4433
4434
4514
4526
4527
4528
4529
4530
4535
4536
4537
4538
4577
4681
4682
4683
4684
4685
4686
4687
4688
4689
4690
4691
4692
4693
4694
4695
4696
4697
4698
4710
4711
4712
4713
4714
4715
4717
4720
4721
4722
4723
4724
4725
4726
4727
4734
4735
4736
4737
4738
4740
4742
4743
4744
4745
4772
4773
4774
4775
4777
4778
4779
4781
4786
5065
5066
5067
5068
8163
8164
8165
8166
8167
8168
8169
8170
8171
8516
8517
8518
8519
8520
8521
8522
8523
8524
8525
8526
8527
8542
8543
8544
8545
8546
8547
8548
8549
8550
8552
8553
8554
8555
8556
8557
8558
8559
8560
8561
8562
8563
8564
8565
8566
8567
8568
8571
8572
8573
8574
8585
8586
8587
8588
8589
8590
8591
8592
8593
8594
8596
8597
8600
8601
8602
8603
8604
8605
8618
8619
8620
8621
8622
8623
8624
8625
8626
8627
8637
8638
8639
8640
8641
8642
8643
8644
8645
8646
8647
8648
8649
8650
8651
8652
8653
8654
8655
8656
8657
8658
8659
8660
8661
8662
8663
8664
8665
8666
8667
8668
8669
8670
8673
8674
8675
8676
8677
8678
8679
8680
8681
8682
8683
8684
8685
8686
8687
8688
8689
8690
8691
8693
8694
8695
8696
8697
8698
8699
8705
8706
8707
8714
8715
8835
8836
9250
9266
9800
9809
9810
9811
9812
9813
9814
9815
9816
9817
9820
10600
10601
10602
10603
10604
29941
29942
29943
29944
29945
29946
29947
29948
29949
29950
29951
31100
31101
31102
31103
31104
31105
31106
31107
31108
31109
31110
31111
31112
31113
31114
31115
31116
31117
31118
31119
31120
31121
31122
31123
31124
31125
31126
31127
31128
31129
31130
31131
31132
31133
31134
31135
31136
31137
31138
31139
31140
31141
31142
31143
31144
31145
31146
31147
31148
31149
31150
31151
31152
31153
31154
31155
31156
31158
31159
31160
31200
31201
31202
31203
31204
31205
31206
31207
31208
31209
31210
31211
31212
31213
31214
31215
31216
31217
31218
31219
31220
31221
31222
31223
31224
31225
31226
31227
31228
31229
31232
32100
32101
32102
32103
32104
32105
32106
32107
32108
32109
32110
32111
32112
32113
32114
32115
32116
32117
32118
32119
32120
32121
32122
32123
32124
32125
32126
32127
32128
32129
32130
32131
32132
32136
32137
32138
32139
32140
32141
32142
32143
32144
32145
32146
32149
32150
32151
32152
32153
32154
32155
32156
32157
32159
32160
32161
32162
32163
32164
32165
32166
32167
32168
32169
32170
32171
32172
32173
32174
32175
32176
32177
32178
32179
32180
32181
32182
32183
32184
32185
32186
32187
32188
32189
32190
32191
32192
32195
32196
50000
50001
50002
50003
50004
50005
50006
50007
50008
50009
50010
50011
50012
50016
50017
50018
50019
50020
50021
50022
50023
50034
52015
52016
52017
52018