4000302
4000303
4000304
4000305
4000306
4000307
4000308
4000309
4000310
4000311
4000312
4000314
4000315
4000316
4000317
4000318
4000319
4000320
4000321
4000322
4000323
4000337
4000338
4000339
4000340
4000341
4000342
4000343
4000344
4000345
4000346
4000347
4000348
4000349
4000390
4000429
4000430
4000431
4000432
4000433
4000434
4000435
4000463
4000559
4000560
4000561
4000562
4000563
4000564
4000565
4000625
4000626
4000627
4000628
4000629
4000630
4000631
4000642
4000643
4000644
4000645
4000646
4000647
4000648
4000649
4000650
4000651
4000652
4000653
4000654
4000655
4000656
4000657
4000658
4000659
4000673
4000674
4000675
4000676
4000677
4000678
4000826
4000827
4000828
4000829
4000830
4000831
4000832
4000833
4000834
4000835
4000836
4000900
4000901
4000902
4000903
4000904
4000905
4000906
4000907
4000908
4000909
4000910
4001137
4001243
4001337
4001433
4001684
4001685
4001686
4001687
4001688
4001832
4009169
4009170
4009171
4009172
4009995
4009996
4009997
4009998
4009999
4030022
4030023
4030024
4030025
4030026
4030027
4030028
4030029
4030030
4030032
4030033
4030034
4030035
4030036
4030037
4031294
4031393
4031394
4031490
4031491
4031492
4031493
4031494
4031532
4031533
4031540
4031541
4031598
4031599
4031600
4031601
4031602
4031603
4031604
4031605
4031609
4031626
4031627
4031628
4031629
4031630
4031631
4031632
4031633
4031634
4031635
4031636
4031637
4031638
4031639
4031640
4031641
4031642
4031643
4031644
4031645
4031646
4031647
4031648
4031649
4031650
4031651
4031653
4031654
4031655
4031656
4031714
4031715
4031716
4031717
4031718
4031719
4031720
4031721
4031722
4031723
4031724
4031725
4031726
4031728
4031742
4031807
4031808
4031809
4031810
4031942
4031943
4031944
4032150
4032151
4032152
4032153
4032154
4032155
4032156
4032157
4032158
4032159
4032160
4032161
4032162
4032163
4032164
4032165
4032166
4032167
4032168
4032169
4032170
4032171
4032180
4032181
4032192
4032218
4032355
4032356
4032357
4032358
4032359
4032360
4032361
4032362
4032363
4032365
4032602
4032603
4032604
4032605
4032831
4032832
4032833
4032834
4032835
4032836
4032837
4032838
4032839
4032840
4032858
4032859
4032860
4032900
4032901
4032921
4032922
4032923
4032924
4032925
4032926
4032927
4032928
4032930
4032940
4032941
4033107
4033108
4033109
4033174
4033175
4033176
4033177
4033178
4033824
4033825
4033826
4033827
4033828
4033829
4033830
4036624
4039021
4039022
4039057
4260009
4260010
4260011
4260020
4260021
4260022
4260023
4260024
4260025
4260026
4260027
4260028
4260029
4260030
4260031
4260032
4260033
4260034
4260035
4260036
4260037
4260038
4260039
4260040
4260041
4260042
4310001
4310002
4310009
4310010
4310059
4310143