700
701
702
703
704
705
706
707
800015
1011101
1012120
1013106
1013204
1013205
1013206
1013207
1043002
1043003
1052126
1055000
1055001
1055002
1056000
1057000
1057001
1057002
1057003
1057004
1057006
1500000
1500001
1500002
1500003
1500004
1500005
1500006
1500007
1500008
1500009
1500010
1500011
1500012
1500013
1500014
1500015
1500016
1500017
1500018
1500019
1500020
1500021
1500022
1500023
1500024
1500025
1500026
1500027
1500028
1500029
1500030
1500031
1500032
1510000
1510001
1510002
1510003
1510004
1510005
1510006
1510007
1510008
1510009
1511000
1511001
1512000
1512001
1512002
1512003
1512004
1512005
1513000
1513001
1513002
1513003
1513004
1514000
1514001
1514002
1514003
1514004
1514005
1514006
1514007
1514008
1514009
1531045
1531051
1531053
1531054
2001006
2001007
2001008
2022005
2022006
2022007
2022008
2030016
2080007
2085000
2085001
2085002
2085003
2092101
2131008
2133005
2133006
2133007
2142000
2142001
2142002
2142003
2142004
2142005
2142006
2142007
2142008
2142009
2142010
2143000
2143001
2143002
2143003
2143004
2160000
2160001
2161000
2161001
2161002
2161003
2161004
2161005
2161006
2161007
2161008
2161009
2161010
2161011
2161012
2161013
2161014
2162000
2540005
9000071
9000072
9000073
9000074
9000075
9000076
9000077
9000078
9000079
9000080
9000081
9000082
9000083
9000095
9000096
9000174
9010023
9010024
9030200
9030201
9031000
9031001
9031002
9031003
9031004
9031005
9031006
9031007
9031008
9031010
9031011
9031012
9031014
9031015
9031016
9062501
9062502
9062503
9062504
9062505
9062506
9062507
9062508
9062509
9062510
9062511
9062512
9062513
9062514
9062515
9062516
9062517
9105006
9110017
9110101
9110102
9110103
9110104
9110105
9110106
9110107
9110108
9110109
9110110
9110111
9110112
9110113
9110114
9110200
9110201
9110202
9110203
9110204
9110205
9120025
9120026
9120027
9120028
9120029
9120030
9120031
9120032
9120033
9120034
9120035
9120036
9120037
9120038
9120039
9120040
9120041
9120042
9120046
9120047
9120048
9120049
9120050
9120051
9120052
9120053
9201146
9209102
9220003
9220011
9220014
9250002
9250015
9250030
9250032
9250033
9250034
9250035
9250036
9250037
9250038
9250039
9250040
9250041
9250047
9250048
9250049
9250050
9270044
9270045
9270048
9270049
9270050
9270051
9270052
9270053
9310045
9310059
9310061
9310062
9310063
9310064
9310065
9310066
9310067
9310068
9310069
9310070
9310071
9310072
9310073
9310074
9310075
9310076
9310077
9310078
9310079
9310080
9310081
9310086
9310087
9310088
9310089
9310090
9310091
9310092
9310093
9310094
9310095
9310096
9310097
9330033
9330034
9330035
9330036
9330037
9330038
9330039
9330040
9330041
9330043
9330047
9330048
9330049
9330050
9330051
9330052
9330053
9330054
9330055
9330056
9330057
9330058
9330059
9330060
9330061
9330062
9330063
9330064
9330065
9330066
9330067
9330068
9330069
9330070
9330071
9330072
9330073
9330074
9330075
9330076
9330077
9330079
9330080
9330081
9330082
9330083
9330084
9330085
9330086
9330087
9330088
9330089
9330091
9330092
9330093
9330094
9330095
9330096
9330097
9330098
9330099
9330100
9330101
9330102
9330103
9330104
9330105
9330106
9330107
9330108
9330109
9330110
9330111
9330112
9330113
9330114
9330115
9330116
9330117
9330118
9330119
9330120
9330121
9330122
9330123
9340000
9340001
9340002
9340003
9900002
9900003
9900007
9990002
9990003
9990004
9990005
9990006
9990007
9990008
9990010
9999000
9999001
9999002
9999003
9999004
9999005
9999006
9999007
9999800