4000302
4000303
4000304
4000305
4000306
4000307
4000308
4000309
4000310
4000311
4000312
4000314
4000315
4000316
4000317
4000318
4000319
4000320
4000321
4000322
4000323
4000337
4000338
4000339
4000341
4000344
4000345
4000346
4000347
4000348
4000349
4000390
4001337
4009995
4009996
4009997
4009998
4009999
4031294
4031393
4031394
4031490
4031491
4031492
4031493
4031494
4031598
4031599
4031600
4031601
4031602
4031603
4031604
4031605
4031609
4031626
4031649
4031650
4031651
4031653
4031654
4031655
4031656
4031717
4031718
4031719
4031720
4031721
4031722
4031723
4031724
4031725
4031726
4031728
4031742
4036624
4039021
4039022
4039057
4260009
4260010
4260011
4260020
4260021
4260022
4260023
4260024
4260025
4260026
4260027
4260028
4260029
4260030
4260031
4260032
4260033
4260034
4260035
4260036
4260037
4260038
4260039
4260040
4260041
4260042
