2030016
9030201
9110200
9110201
9110202
9110203
9110204
9110205
9120042
9209102
9220003
9220011
9220014
9250002
9250015
9250030
9250032
9250033
9250034
9250035
9250036
9250037
9250038
9250039
9250040
9250041
9250047
9250048
9250049
9250050
9330033
9330034
9330035
9330036
9330037
9330038
9330039
9330041
9330043
9330048
9330049
9330050
9330051
9330052
9330053
9330054
9330055
9330056
9330057
9330058
9330059
9330060
9330061
9330062
9330063
9330064
9330068
9330069
9330070
9330071
9330073
9330074
9330075
9330077
9330080
9330082
9330088
9330089
9330107
9330120
9330121
9330123
9340000
9340001
9340002
9340003
9999000
9999002
9999003
9999004
9999005
9999006
9999007
9999800
