10600
10601
10602
10603
10604
31100
31101
31102
31103
31104
31105
31106
31107
31108
31109
31110
31111
31112
31113
31114
31115
31116
31117
31118
31119
31120
31121
31122
31123
31124
31125
31126
31127
31128
31129
31130
31131
31132
31133
31134
31135
31136
31137
31138
31139
31140
31141
31142
31143
31144
31145
31146
31147
31148
31149
31150
31151
31152
31153
31154
31155
31156
31158
31159
31160
3163
3164
3165
3166
3167
3168
3169
3170
3171
3172
3173
3174
3175
3176
3177
3178
3181
3182
3190
3191
3192
3193
3194
3198
3199
4401
4402
4403
4404
4405
4406
4407
4408
4409
4410
4411
4412
4413
4414
4415
4416
4417
4418
4419
4420
4421
4422
4423
4424
4426
4427
4428
4429
4430
4431
4432
4433
4434
4514
4526
4527
4528
4529
4530
4535
4536
4537
4538
4577
4710
4711
4712
4713
4714
4715
4717
4720
4721
4722
4723
4724
4725
4726
4727
4734
4735
4736
4737
4738
4740
4742
4743
4744
4745
4772
4773
4774
4775
4777
4778
4779
4781
4786
5065
5066
5067
5068
52015
52016
52017
52018
8163
8164
8165
8166
8167
8168
8169
8170
8171
8516
8517
8518
8519
8520
8521
8522
8523
8524
8525
8526
8527
8542
8543
8544
8545
8546
8547
8548
8549
8550
8552
8553
8554
8555
8556
8557
8558
8559
8560
8561
8562
8563
8564
8565
8566
8567
8568
8571
8572
8573
8574
8585
8586
8587
8588
8589
8590
8591
8592
8593
8594
8596
8597
8600
8601
8602
8603
8604
8605
8618
8619
8620
8621
8622
8623
8624
8625
8626
8627
8637
8638
8639
8640
8641
8642
8643
8644
8645
8646
8647
8648
8649
8650
8651
8652
8653
8654
8655
8656
8657
8658
8659
8660
8661
8662
8663
8664
8665
8666
8667
8668
8669
8670
8673
8674
8675
8676
8677
8678
8679
8680
8681
8682
8683
8684
8685
8686
8687
8688
8689
8690
8691
8693
8694
8695
8696
8697
8698
8699
8705
8706
8707
8714
8715
8835
8836
9250
9266
